  69.38806
  69.38806
  69.38806
  69.38805
  69.38805
  69.38805
  69.38805
  69.38805
  69.38805
  69.38804
  69.38804
  69.38804
  69.38804
  69.38803
  69.38803
  69.38802
  69.38802
  69.38801
  69.38800
  69.38800
  69.38799
  69.38798
  69.38796
  69.38795
  69.38794
  69.38792
  69.38790
  69.38787
  69.38785
  69.38782
  69.38778
  69.38774
  69.38769
  69.38764
  69.38758
  69.38750
  69.38742
  69.38732
  69.38721
  69.38708
  69.38692
  69.38675
  69.38654
  69.38630
  69.38602
  69.38570
  69.38532
  69.38488
  69.38437
  69.38377
  69.38307
  69.38226
  69.38131
  69.38020
  69.37890
  69.37739
  69.37562
  69.37356
  69.37114
  69.36832
  69.36502
  69.36116
  69.35665
  69.35137
  69.34519
  69.33797
  69.32953
  69.31965
  69.30810
  69.29459
  69.27879
  69.26032
  69.23874
  69.21353
  69.18407
  69.14969
  69.10957
  69.06280
  69.00829
  68.94485
  68.87107
  68.78539
  68.68604
  68.57103
  68.43816
  68.28551
  68.11058
  67.91025
  67.68172
  67.42215
  67.12884
  66.79933
  66.43162
  66.02446
  65.57759
  65.09212
  64.57084
  64.01867
  63.44292
  62.85372
  62.26421
  61.69085
  61.15343
  60.67490
  60.27977
  59.98786
  59.79097
  59.56811
  58.78635
  55.64621
  47.23494
  41.38504
  49.32140
  57.15874
  59.97043
  60.82862
  61.23005
  61.59321
  62.00531
  62.46607
  62.95591
  63.45421
  63.94383
  64.41176
  64.84865
  65.24830
  65.60695
  65.92280
  66.19550
  66.42575
  66.61497
  66.76503
  66.87803
  66.95619
  67.00169
  67.01663
  67.00297
  66.96297
  66.89822
  66.80970
  66.69885
  66.56698
  66.41535
  66.24520
  66.05775
  65.85428
  65.63613
  65.40474
  65.16167
  64.90863
  64.64747
  64.38018
  64.10890
  63.83592
  63.56360
  63.29441
  63.03084
  62.77536
  62.53042
  62.29834
  62.08130
  61.88128
  61.70003
  61.53902
  61.39940
  61.28204
  61.18745
  61.11580
  61.06694
  61.04041
  61.03545
  61.05103
  61.08585
  61.13844
  61.20713
  61.29009
  61.38541
  61.49108
  61.60505
  61.72527
  61.84970
  61.97634
  62.10330
  62.22876
  62.35105
  62.46862
  62.58012
  62.68436
  62.78032
  62.86721
  62.94440
  63.01148
  63.06822
  63.11456
  63.15061
  63.17663
  63.19304
  63.20034
  63.19914
  63.19016
  63.17414
  63.15187
  63.12419
  63.09191
  63.05586
  63.01683
  62.97560
  62.93288
  62.88935
  62.84563
  62.80229
  62.75983
  62.71869
  62.67927
  62.64190
  62.60686
  62.57439
  62.54470
  62.51793
  62.49421
  62.47366
  62.45634
  62.44232
  62.43165
  62.42437
  62.42050
  62.42008
  62.42313
  62.42967
  62.43972
  62.45330
  62.47045
  62.49120
  62.51557
  62.54360
  62.57532
  62.61077
  62.64998
  62.69300
  62.73986
  62.79059
  62.84521
  62.90374
  62.96621
  63.03261
  63.10293
  63.17717
  63.25528
  63.33722
  63.42294
  63.51235
  63.60537
  63.70187
  63.80173
  63.90481
  64.01095
  64.11995
  64.23163
  64.34578
  64.46217
  64.58057
  64.70072
  64.82238
  64.94528
  65.06915
  65.19373
  65.31873
  65.44389
  65.56894
  65.69362
  65.81768
  65.94085
  66.06292
  66.18364
  66.30281
  66.42022
  66.53570
  66.64906
  66.76016
  66.86886
  66.97503
  67.07856
  67.17938
  67.27739
  67.37255
  67.46480
  67.55411
  67.64046
  67.72385
  67.80428
  67.88176
  67.95632
  68.02798
  68.09680
  68.16282
  68.22610
  68.28668
  68.34464
  68.40004
  68.45296
  68.50346
  68.55163
  68.59753
  68.64125
  68.68287
  68.72245
  68.76009
  68.79585
  68.82981
  68.86205
  68.89264
  68.92165
  68.94916
  68.97522
  68.99991
  69.02328
  69.04541
  69.06636
  69.08617
  69.10491
  69.12263
  69.13937
  69.15520
  69.17015
  69.18428
  69.19762
  69.21022
  69.22211
  69.23334
  69.24393
  69.25393
  69.26336
  69.27226
  69.28065
  69.28857
  69.29603
  69.30307
  69.30970
  69.31596
  69.32186
  69.32742
  69.33266
  69.33759
  69.34225
  69.34663
  69.35076
  69.35465
  69.35832
  69.36178
  69.36503
  69.36810
  69.37098
  69.37371
  69.37627
  69.37868
  69.38095
  69.38309
  69.38511
  69.38701
  69.38880
  69.39048
  69.39207
  69.39356
  69.39497
  69.39629
  69.39754
  69.39871
  69.39982
  69.40086
  69.40184
  69.40276
  69.40363
  69.40445
  69.40522
  69.40594
  69.40663
  69.40727
  69.40788
  69.40845
  69.40898
  69.40949
  69.40996
  69.41041
  69.41083
  69.41123
  69.41160
  69.41196
  69.41229
  69.41260
  69.41289
  69.41317
  69.41343
  69.41368
  69.41391
  69.41412
  69.41433
  69.41452
  69.41470
  69.41487
  69.41503
  69.41519
  69.41533
  69.41546
  69.41559
  69.41571
  69.41582
  69.41593
  69.41602
  69.41612
  69.41621
  69.41629
  69.41637
  69.41644
  69.41651
  69.41657
  69.41664
  69.41669
  69.41675
  69.41680
  69.41685
  69.41689
  69.41694
  69.41698
  69.41701
  69.41705
  69.41708
  69.41712
  69.41714
  69.41717
  69.41720
  69.41722
  69.41725
  69.41727
  69.41729
  69.41731
  69.41733
  69.41735
  69.41736
  69.41738
  69.41739
  69.41741
  69.41742
  69.41743
  69.41744
  69.41745
  69.41746
  69.41747
  69.41748
  69.41749
  69.41750
  69.41751
  69.41751
  69.41752
  69.41753
  69.41753
  69.41754
  69.41754
  69.41755
  69.41755
  69.41756
  69.41756
  69.41756
  69.41757
  69.41757
  69.41757
  69.41758
  69.41758
  69.41758
  69.41758
  69.41759
  69.41759
  69.41759
  69.41759
  69.41760
  69.41760
  69.41760
  69.41760
  69.41760
  69.41760
  69.41760
  69.41761
  69.41761
  69.41761
  69.41761
  69.41761
  69.41761
  69.41761
  69.41761
  69.41761
  69.41761
  69.41761
  69.41762
  69.41762
  69.41762
  69.41762
  69.41762
  69.41762
  69.41762
  69.41762
  69.41762
  69.41762
  69.41762
  69.41762
  69.41762
  69.41762
  69.41762
  69.41762
  69.41762
  69.41762
  69.41762
  69.41762
  69.41762
  69.41762
  69.41762
  69.41762
  69.41762
  69.41762
  69.41762
  69.41762
  69.41762
  69.41762
  69.41762
  69.41762
  69.41762
  69.41762
  69.41762
  69.41762
  69.41762
  69.41762
  69.41762
  69.41762
  69.41762
  69.41762
  69.41762
  69.41762
  69.41762
  69.41762
  69.41762
  69.41762
  69.41762
  69.41762
  69.41762
  69.41762
  69.41762
  69.41762
  69.41762
  69.41762
  69.41762
  69.41762
  69.41762
  69.41762
  69.41762
  69.41762
  69.41762
  69.41762
  69.41762
  69.41762
  69.41767
  69.41778
  69.41788
  69.41798
  69.41809
  69.41820
  69.41830
  69.41841
  69.41853
  69.41864
  69.41876
  69.41887
  69.41899
  69.41911
  69.41923
  69.41936
  69.41948
  69.41961
  69.41974
  69.41987
  69.42000
  69.42013
  69.42027
  69.42040
  69.42054
  69.42068
  69.42082
  69.42096
  69.42111
  69.42125
  69.42140
  69.42155
  69.42170
  69.42185
  69.42200
  69.42215
  69.42231
  69.42246
  69.42262
  69.42278
  69.42294
  69.42310
  69.42326
  69.42342
  69.42359
  69.42375
  69.42391
  69.42408
  69.42425
  69.42441
  69.42458
  69.42475
  69.42492
  69.42508
  69.42525
  69.42542
  69.42559
  69.42576
  69.42593
  69.42610
  69.42626
  69.42643
  69.42660
  69.42677
  69.42693
  69.42710
  69.42726
  69.42743
  69.42759
  69.42775
  69.42791
  69.42807
  69.42823
  69.42839
  69.42854
  69.42870
  69.42885
  69.42900
  69.42915
  69.42929
  69.42943
  69.42958
  69.42971
  69.42985
  69.42998
  69.43011
  69.43024
  69.43037
  69.43049
  69.43061
  69.43072
  69.43083
  69.43094
  69.43105
  69.43115
  69.43124
  69.43134
  69.43143
  69.43151
  69.43160
  69.43167
  69.43175
  69.43182
  69.43188
  69.43194
  69.43200
  69.43205
  69.43210
  69.43214
  69.43218
  69.43221
  69.43224
  69.43227
  69.43229
  69.43230
  69.43231
  69.43232
  69.43232
  69.43231
  69.43231
  69.43229
  69.43227
  69.43225
  69.43222
  69.43219
  69.43215
  69.43211
  69.43207
  69.43202
  69.43196
  69.43190
  69.43184
  69.43177
  69.43170
  69.43162
  69.43154
  69.43145
  69.43137
  69.43127
  69.43118
  69.43108
  69.43097
  69.43086
  69.43075
  69.43064
  69.43052
  69.43040
  69.43028
  69.43015
  69.43002
  69.42989
  69.42975
  69.42961
  69.42947
  69.42933
  69.42918
  69.42904
  69.42889
  69.42873
  69.42858
  69.42843
  69.42827
  69.42811
  69.42795
  69.42779
  69.42762
  69.42746
  69.42730
  69.42713
  69.42696
  69.42679
  69.42663
  69.42646
  69.42629
  69.42612
  69.42595
  69.42577
  69.42560
  69.42543
  69.42526
  69.42509
  69.42492
  69.42475
  69.42458
  69.42441
  69.42423
  69.42406
  69.42390
  69.42373
  69.42356
  69.42339
  69.42322
  69.42306
  69.42289
  69.42272
  69.42256
  69.42240
  69.42223
  69.42207
  69.42191
  69.42175
  69.42159
  69.42143
  69.42127
  69.42111
  69.42095
  69.42079
  69.42064
  69.42048
  69.42032
  69.42016
  69.42000
  69.41984
  69.41967
  69.41951
  69.41934
  69.41916
  69.41898
  69.41879
  69.41859
  69.41837
  69.41815
  69.41790
  69.41763
  69.41733
  69.41699
  69.41661
  69.41617
  69.41566
  69.41507
  69.41438
  69.41355
  69.41257
  69.41140
  69.41004
  69.40844
  69.40648
  69.40408
  69.40113
  69.39751
  69.39308
  69.38764
  69.38097
  69.37278
  69.36273
  69.35039
  69.33525
  69.31666
  69.29387
  69.26590
  69.23161
  69.18959
  69.13812
  69.07512
  68.99808
  68.90400
  68.78925
  68.64954
  68.47982
  68.27417
  68.02578
  67.72694
  67.36907
  66.94290
  66.43881
  65.84730
  65.15976
  64.36942
  63.47263
  62.47021
  61.36888
  60.18245
  58.93260
  57.64892
  56.36805
  55.13198
  53.98547
  52.97316
  52.13643
  51.51062
  51.12265
  50.98941
  51.11670
  51.49891
  52.11938
  52.95131
  53.95952
  55.10270
  56.33625
  57.61536
  58.89797
  60.14731
  61.33365
  62.43515
  63.43785
  64.33490
  65.12538
  65.81286
  66.40405
  66.90752
  67.33276
  67.68937
  67.98663
  68.23309
  68.43668
  68.60422
  68.74141
  68.85331
  68.94419
  69.01765
  69.07667
  69.12375
  69.16091
  69.18985
  69.21192
  69.22823
  69.23968
  69.24698
  69.25070
  69.25130
  69.24911
  69.24440
  69.23735
  69.22810
  69.21673
  69.20327
  69.18771
  69.17003
  69.15015
  69.12798
  69.10340
  69.07625
  69.04638
  69.01358
  68.97764
  68.93831
  68.89534
  68.84844
  68.79730
  68.74161
  68.68101
  68.61536
  68.54428
  68.46717
  68.38368
  68.29343
  68.19606
  68.09123
  67.97865
  67.85805
  67.72925
  67.59213
  67.44666
  67.29295
  67.13123
  66.96186
  66.78542
  66.60264
  66.41446
  66.22203
  66.02673
  65.83013
  65.63400
  65.44028
  65.25109
  65.06861
  64.89512
  64.73286
  64.58404
  64.45075
  64.33487
  64.23805
  64.16161
  64.10656
  64.07347
  64.06255
  64.07358
  64.10593
  64.15861
  64.23027
  64.31928
  64.42377
  64.54171
  64.67095
  64.80929
  64.95457
  65.10468
  65.25764
  65.41161
  65.56494
  65.71618
  65.86409
  66.00763
  66.14599
  66.27851
  66.40477
  66.52445
  66.63742
  66.74366
  66.84324
  66.93633
  67.02317
  67.10403
  67.17924
  67.24933
  67.31467
  67.37545
  67.43204
  67.48477
  67.53399
  67.58001
  67.62314
  67.66366
  67.70182
  67.73786
  67.77199
  67.80441
  67.83529
  67.86479
  67.89305
  67.92019
  67.94632
  67.97155
  67.99597
  68.01966
  68.04271
  68.06518
  68.08716
  68.10871
  68.12993
  68.15089
  68.17168
  68.19241
  68.21318
  68.23414
  68.25543
  68.27722
  68.29972
  68.32315
  68.34780
  68.37397
  68.40203
  68.43243
  68.46567
  68.50234
  68.54312
  68.58879
  68.64022
  68.69836
  68.76418
  68.83852
  68.92185
  69.01368
  69.11157
  69.20902
  69.29171
  69.33054
  69.27046
  69.01716
  68.43942
  67.44580
  66.21158
  65.37377
  65.57943
  66.66291
  67.87696
  68.74020
  69.20434
  69.39202
  69.42470
  69.38182
  69.30787
  69.22581
  69.14667
  69.07525
  69.01318
  68.96056
  68.91677
  68.88095
  68.85213
  68.82942
  68.81198
  68.79910
  68.79014
  68.78454
  68.78183
  68.78161
  68.78352
  68.78727
  68.79259
  68.79925
  68.80707
  68.81586
  68.82549
  68.83582
  68.84674
  68.85814
  68.86993
  68.88204
  68.89440
  68.90694
  68.91960
  68.93234
  68.94511
  68.95787
  68.97059
  68.98324
  68.99578
  69.00820
  69.02047
  69.03257
  69.04449
  69.05621
  69.06771
  69.07900
  69.09006
  69.10088
  69.11145
  69.12178
  69.13185
  69.14167
  69.15143
  69.16110
  69.17048
  69.17959
  69.18842
  69.19697
  69.20525
  69.21327
  69.22103
  69.22854
  69.23579
  69.24280
  69.24958
  69.25612
  69.26243
  69.26852
  69.27440
  69.28006
  69.28552
  69.29079
  69.29586
  69.30074
  69.30545
  69.30997
  69.31433
  69.31852
  69.32256
  69.32644
  69.33017
  69.33375
  69.33720
  69.34051
  69.34370
  69.34676
  69.34969
  69.35252
  69.35522
  69.35783
  69.36032
  69.36272
  69.36502
  69.36723
  69.36935
  69.37138
  69.37333
  69.37520
  69.37699
  69.37871
  69.38036
  69.38194
  69.38346
  69.38491
  69.38630
  69.38764
  69.38892
  69.39014
  69.39132
  69.39244
  69.39352
  69.39455
  69.39554
  69.39649
  69.39739
  69.39826
  69.39909
  69.39989
  69.40065
  69.40138
  69.40207
  69.40274
  69.40338
  69.40398
  69.40456
  69.40512
  69.40565
  69.40616
  69.40664
  69.40710
  69.40754
  69.40795
  69.40835
  69.40873
  69.40909
  69.40942
  69.40975
  69.41005
  69.41034
  69.41061
  69.41086
  69.41109
  69.41132
  69.41152
  69.41171
  69.41188
  69.41204
  69.41218
  69.41231
  69.41242
  69.41251
  69.41259
  69.41265
  69.41269
  69.41300
  69.41359
  69.41424
  69.41494
  69.41571
  69.41657
  69.41751
  69.41856
  69.41974
  69.42106
  69.42256
  69.42425
  69.42618
  69.42838
  69.43089
  69.43378
  69.43711
  69.44095
  69.44539
  69.45054
  69.45654
  69.46353
  69.47169
  69.48125
  69.49247
  69.50566
  69.52119
  69.53951
  69.56115
  69.58672
  69.61696
  69.65270
  69.69491
  69.74460
  69.80283
  69.87053
  69.94821
  70.03544
  70.12985
  70.22533
  70.30884
  70.35527
  70.32010
  70.13322
  69.70750
  68.99568
  68.12299
  67.48192
  67.49337
  68.14424
  69.00364
  69.68991
  70.08944
  70.25377
  70.26989
  70.20659
  70.10719
  69.99602
  69.88557
  69.78166
  69.68644
  69.60017
  69.52221
  69.45153
  69.38698
  69.32741
  69.27178
  69.21914
  69.16866
  69.11960
  69.07132
  69.02328
  68.97498
  68.92600
  68.87599
  68.82462
  68.77161
  68.71673
  68.65977
  68.60057
  68.53900
  68.47496
  68.40839
  68.33927
  68.26760
  68.19344
  68.11689
  68.03810
  67.95726
  67.87460
  67.79043
  67.70507
  67.61894
  67.53247
  67.44615
  67.36052
  67.27639
  67.19434
  67.11473
  67.03819
  66.96537
  66.89689
  66.83335
  66.77531
  66.72329
  66.67771
  66.63893
  66.60721
  66.58270
  66.56544
  66.55531
  66.55209
  66.55541
  66.56474
  66.57941
  66.59862
  66.62138
  66.64659
  66.67296
  66.69909
  66.72339
  66.74413
  66.75943
  66.76722
  66.76529
  66.75124
  66.72250
  66.67631
  66.60976
  66.51979
  66.40324
  66.25685
  66.07741
  65.86183
  65.60730
  65.31146
  64.97264
  64.59012
  64.16443
  63.69762
  63.19358
  62.65823
  62.09967
  61.52822
  60.95622
  60.39775
  59.86810
  59.38311
  58.95840
  58.60852
  58.34618
  58.18141
  58.12107
  58.16833
  58.32257
  58.57936
  58.93076
  59.36584
  59.87128
  60.43221
  61.03301
  61.65813
  62.29284
  62.92383
  63.53962
  64.13087
  64.69040
  65.21315
  65.69600
  66.13754
  66.53769
  66.89752
  67.21885
  67.50409
  67.75596
  67.97735
  68.17119
  68.34032
  68.48746
  68.61516
  68.72574
  68.82132
  68.90380
  68.97489
  69.03609
  69.08872
  69.13394
  69.17277
  69.20608
  69.23465
  69.25912
  69.28008
  69.29801
  69.31333
  69.32641
  69.33757
  69.34706
  69.35513
  69.36195
  69.36771
  69.37255
  69.37658
  69.37991
  69.38263
  69.38481
  69.38653
  69.38782
  69.38873
  69.38931
  69.38959
  69.38958
  69.38931
  69.38880
  69.38806
  69.38710
  69.38592
  69.38453
  69.38293
  69.38112
  69.37909
  69.37685
  69.37439
  69.37169
  69.36876
  69.36557
  69.36213
  69.35840
  69.35439
  69.35006
  69.34541
  69.34042
  69.33506
  69.32931
  69.32314
  69.31654
  69.30948
  69.30192
  69.29383
  69.28519
  69.27596
  69.26609
  69.25557
  69.24434
  69.23236
  69.21959
  69.20599
  69.19150
  69.17609
  69.15970
  69.14228
  69.12377
  69.10413
  69.08330
  69.06123
  69.03786
  69.01314
  68.98702
  68.95944
  68.93037
  68.89975
  68.86754
  68.83371
  68.79823
  68.76107
  68.72222
  68.68168
  68.63944
  68.59554
  68.54999
  68.50284
  68.45417
  68.40404
  68.35256
  68.29984
  68.24603
  68.19129
  68.13581
  68.07978
  68.02345
  67.96706
  67.91089
  67.85522
  67.80036
  67.74664
  67.69440
  67.64397
  67.59570
  67.54995
  67.50704
  67.46743
  67.43144
  67.39927
  67.37120
  67.34747
  67.32828
  67.31382
  67.30421
  67.29955
  67.29987
  67.30518
  67.31543
  67.33052
  67.35031
  67.37463
  67.40326
  67.43595
  67.47242
  67.51236
  67.55546
  67.60135
  67.64970
  67.70015
  67.75233
  67.80589
  67.86048
  67.91575
  67.97138
  68.02704
  68.08245
  68.13732
  68.19138
  68.24439
  68.29611
  68.34633
  68.39486
  68.44150
  68.48608
  68.52844
  68.56842
  68.60587
  68.64065
  68.67261
  68.70161
  68.72749
  68.75010
  68.76929
  68.78487
  68.79667
  68.80449
  68.80810
  68.80729
  68.80179
  68.79132
  68.77560
  68.75428
  68.72702
  68.69343
  68.65311
  68.60561
  68.55064
  68.48774
  68.41624
  68.33563
  68.24540
  68.14506
  68.03414
  67.91222
  67.77894
  67.63405
  67.47741
  67.30906
  67.12919
  66.93824
  66.73692
  66.52622
  66.30743
  66.08220
  65.85254
  65.62077
  65.38956
  65.16186
  64.94087
  64.72994
  64.53249
  64.35193
  64.19151
  64.05426
  63.94282
  63.85935
  63.80548
  63.78219
  63.78979
  63.82790
  63.89546
  63.99079
  64.11162
  64.25521
  64.41842
  64.59786
  64.78998
  64.99119
  65.19795
  65.40688
  65.61481
  65.81888
  66.01651
  66.20548
  66.38391
  66.55027
  66.70332
  66.84214
  66.96606
  67.07467
  67.16772
  67.24518
  67.30711
  67.35374
  67.38536
  67.40236
  67.40521
  67.39442
  67.37059
  67.33434
  67.28638
  67.22748
  67.15847
  67.08027
  66.99388
  66.90036
  66.80090
  66.69677
  66.58930
  66.47995
  66.37023
  66.26169
  66.15595
  66.05463
  65.95935
  65.87167
  65.79309
  65.72499
  65.66863
  65.62507
  65.59520
  65.57966
  65.57888
  65.59302
  65.62200
  65.66549
  65.72295
  65.79360
  65.87648
  65.97048
  66.07436
  66.18680
  66.30641
  66.43196
  66.56205
  66.69514
  66.82997
  66.96533
  67.10013
  67.23338
  67.36420
  67.49185
  67.61571
  67.73526
  67.85010
  67.95993
  68.06454
  68.16382
  68.25770
  68.34620
  68.42938
  68.50737
  68.58030
  68.64835
  68.71171
  68.77060
  68.82524
  68.87585
  68.92267
  68.96591
  69.00582
  69.04260
  69.07646
  69.10762
  69.13625
  69.16256
  69.18670
  69.20886
  69.22917
  69.24778
  69.26484
  69.28046
  69.29476
  69.30785
  69.31982
  69.33078
  69.34080
  69.35012
  69.35881
  69.36680
  69.37414
  69.38089
  69.38710
  69.39283
  69.39810
  69.40296
  69.40745
  69.41159
  69.41542
  69.41896
  69.42224
  69.42527
  69.42808
  69.43068
  69.43308
  69.43531
  69.43737
  69.43927
  69.44103
  69.44265
  69.44413
  69.44550
  69.44675
  69.44789
  69.44892
  69.44986
  69.45069
  69.45144
  69.45209
  69.45266
  69.45316
  69.45357
  69.45392
  69.45419
  69.45440
  69.45455
  69.45465
  69.45469
  69.45468
  69.45462
  69.45452
  69.45439
  69.45422
  69.45401
  69.45378
  69.45352
  69.45324
  69.45294
  69.45262
  69.45228
  69.45192
  69.45155
  69.45116
  69.45076
  69.45034
  69.44990
  69.44943
  69.44894
  69.44842
  69.44786
  69.44726
  69.44674
  69.44628
  69.44573
  69.44506
  69.44423
  69.44323
  69.44202
  69.44053
  69.43873
  69.43652
  69.43383
  69.43054
  69.42652
  69.42161
  69.41559
  69.40822
  69.39920
  69.38814
  69.37459
  69.35799
  69.33763
  69.31268
  69.28211
  69.24466
  69.19906
  69.14347
  69.07544
  68.99225
  68.89068
  68.76686
  68.61620
  68.43333
  68.21200
  67.94507
  67.62448
  67.24141
  66.78647
  66.25007
  65.62307
  64.89756
  64.06800
  63.13250
  62.09424
  60.96280
  59.75524
  58.49657
  57.21947
  55.96306
  54.77082
  53.68791
  52.75810
  52.02078
  51.50835
  51.24417
  51.24117
  51.50113
  52.01467
  52.76182
  53.71331
  54.83253
  56.07795
  57.40594
  58.77350
  60.14028
  61.46928
  62.72497
  63.86736
  64.83946
  65.54603
  65.83070
  65.50194
  64.55198
  63.60621
  63.77779
  65.29073
  67.14781
  68.52360
  69.30564
  69.68070
  69.83063
  69.86904
  69.85658
  69.82323
  69.78360
  69.74446
  69.70872
  69.67745
  69.65090
  69.62897
  69.61148
  69.59830
  69.58942
  69.58500
  69.58542
  69.59135
  69.60382
  69.62434
  69.65503
  69.69875
  69.75926
  69.84111
  69.94897
  70.08522
  70.24274
  70.38537
  70.39727
  69.96684
  68.42494
  65.10685
  61.72099
  62.43404
  66.22437
  69.02736
  70.15351
  70.40119
  70.32683
  70.16834
  70.01018
  69.87672
  69.77100
  69.68948
  69.62727
  69.57991
  69.54398
  69.51669
  69.49570
  69.47946
  69.46679
  69.45685
  69.44898
  69.44272
  69.43769
  69.43363
  69.43033
  69.42762
  69.42539
  69.42354
  69.42199
  69.42068
  69.41957
  69.41901
  69.41889
  69.41877
  69.41865
  69.41854
  69.41843
  69.41831
  69.41820
  69.41809
  69.41799
  69.41788
  69.41777
  69.41767
  69.41757
  69.41746
  69.41736
  69.41727
  69.41717
  69.41707
  69.41719
  69.41755
  69.41795
  69.41840
  69.41891
  69.41951
  69.42022
  69.42100
  69.42186
  69.42281
  69.42385
  69.42500
  69.42626
  69.42767
  69.42922
  69.43094
  69.43300
  69.43543
  69.43811
  69.44110
  69.44443
  69.44813
  69.45223
  69.45681
  69.46191
  69.46763
  69.47403
  69.48123
  69.48934
  69.49850
  69.50887
  69.52063
  69.53400
  69.54925
  69.56667
  69.58662
  69.60951
  69.63582
  69.66612
  69.70106
  69.74135
  69.78782
  69.84131
  69.90263
  69.97243
  70.05088
  70.13707
  70.22802
  70.31664
  70.38829
  70.41484
  70.34604
  70.10159
  69.58059
  68.73162
  67.72020
  67.03785
  67.16387
  68.00170
  69.00386
  69.76291
  70.19548
  70.38009
  70.41517
  70.37212
  70.29389
  70.20399
  70.11446
  70.03092
  69.95563
  69.88910
  69.83101
  69.78063
  69.73714
  69.69969
  69.66753
  69.63993
  69.61629
  69.59608
  69.57885
  69.56421
  69.55184
  69.54145
  69.53282
  69.52574
  69.52007
  69.51566
  69.51240
  69.51034
  69.50940
  69.50937
  69.51021
  69.51189
  69.51438
  69.51766
  69.52174
  69.52660
  69.53226
  69.53873
  69.54602
  69.55415
  69.56314
  69.57303
  69.58384
  69.59560
  69.60833
  69.62208
  69.63686
  69.65270
  69.66963
  69.68766
  69.70680
  69.72707
  69.74845
  69.77113
  69.79506
  69.82000
  69.84589
  69.87268
  69.90026
  69.92854
  69.95739
  69.98666
  70.01618
  70.04577
  70.07520
  70.10427
  70.13273
  70.16032
  70.18681
  70.21194
  70.23549
  70.25725
  70.27706
  70.29478
  70.31033
  70.32369
  70.33488
  70.34395
  70.35102
  70.35617
  70.35951
  70.36112
  70.36105
  70.35928
  70.35579
  70.35049
  70.34328
  70.33404
  70.32270
  70.30918
  70.29347
  70.27559
  70.25562
  70.23370
  70.20998
  70.18469
  70.15804
  70.13028
  70.10167
  70.07243
  70.04283
  70.01308
  69.98339
  69.95395
  69.92493
  69.89647
  69.86871
  69.84174
  69.81566
  69.79052
  69.76639
  69.74330
  69.72126
  69.70030
  69.68040
  69.66156
  69.64376
  69.62698
  69.61119
  69.59634
  69.58241
  69.56936
  69.55714
  69.54572
  69.53504
  69.52507
  69.51577
  69.50709
  69.49899
  69.49144
  69.48440
  69.47783
  69.47171
  69.46598
  69.46064
  69.45564
  69.45096
  69.44657
  69.44246
  69.43859
  69.43495
  69.43152
  69.42828
  69.42520
  69.42229
  69.41952
  69.41687
  69.41434
  69.41191
  69.40957
  69.40731
  69.40513
  69.40301
  69.40094
  69.39891
  69.39693
  69.39497
  69.39304
  69.39113
  69.38923
  69.38734
  69.38544
  69.38355
  69.38165
  69.37973
  69.37779
  69.37584
  69.37385
  69.37184
  69.36980
  69.36787
  69.36606
  69.36418
  69.36223
  69.36021
  69.35812
  69.35596
  69.35372
  69.35140
  69.34900
  69.34652
  69.34395
  69.34129
  69.33855
  69.33590
  69.33336
  69.33076
  69.32809
  69.32535
  69.32255
  69.31968
  69.31675
  69.31376
  69.31070
  69.30759
  69.30442
  69.30120
  69.29793
  69.29462
  69.29126
  69.28787
  69.28445
  69.28101
  69.27755
  69.27409
  69.27062
  69.26717
  69.26373
  69.26033
  69.25696
  69.25366
  69.25041
  69.24725
  69.24418
  69.24121
  69.23836
  69.23564
  69.23306
  69.23064
  69.22837
  69.22627
  69.22435
  69.22260
  69.22103
  69.21962
  69.21838
  69.21729
  69.21632
  69.21546
  69.21468
  69.21394
  69.21319
  69.21240
  69.21152
  69.21047
  69.20922
  69.20769
  69.20582
  69.20354
  69.20080
  69.19754
  69.19369
  69.18921
  69.18405
  69.17817
  69.17156
  69.16420
  69.15608
  69.14721
  69.13761
  69.12731
  69.11636
  69.10480
  69.09270
  69.08014
  69.06719
  69.05393
  69.04047
  69.02688
  69.01326
  68.99970
  68.98630
  68.97313
  68.96029
  68.94785
  68.93588
  68.92445
  68.91361
  68.90340
  68.89388
  68.88507
  68.87700
  68.86969
  68.86316
  68.85741
  68.85245
  68.84827
  68.84486
  68.84221
  68.84032
  68.83915
  68.83869
  68.83892
  68.83982
  68.84135
  68.84350
  68.84623
  68.84951
  68.85333
  68.85764
  68.86242
  68.86764
  68.87327
  68.87929
  68.88565
  68.89235
  68.89934
  68.90661
  68.91412
  68.92185
  68.92978
  68.93788
  68.94612
  68.95449
  68.96296
  68.97151
  68.98012
  68.98878
  68.99745
  69.00613
  69.01480
  69.02362
  69.03271
  69.04186
  69.05092
  69.05989
  69.06875
  69.07750
  69.08612
  69.09461
  69.10297
  69.11117
  69.11922
  69.12710
  69.13482
  69.14236
  69.14972
  69.15689
  69.16388
  69.17076
  69.17753
  69.18410
  69.19047
  69.19662
  69.20256
  69.20828
  69.21377
  69.21903
  69.22405
  69.22883
  69.23336
  69.23763
  69.24164
  69.24538
  69.24885
  69.25202
  69.25490
  69.25748
  69.25974
  69.26168
  69.26328
  69.26454
  69.26543
  69.26595
  69.26609
  69.26582
  69.26514
  69.26402
  69.26247
  69.26045
  69.25797
  69.25499
  69.25152
  69.24754
  69.24304
  69.23802
  69.23247
  69.22639
  69.21979
  69.21269
  69.20510
  69.19706
  69.18860
  69.17979
  69.17068
  69.16135
  69.15192
  69.14248
  69.13316
  69.12410
  69.11540
  69.10717
  69.09942
  69.09205
  69.08471
  69.07665
  69.06646
  69.05166
  69.02811
  68.98912
  68.92431
  68.81855
  68.65152
  68.40020
  68.04765
  67.60140
  67.11709
  66.70371
  66.47932
  66.49062
  66.67533
  66.91244
  67.10096
  67.19515
  67.19389
  67.11693
  66.98806
  66.82765
  66.65081
  66.46805
  66.28635
  66.11031
  65.94291
  65.78609
  65.64113
  65.50884
  65.38977
  65.28423
  65.19238
  65.11428
  65.04983
  64.99890
  64.96121
  64.93644
  64.92418
  64.92395
  64.93522
  64.95739
  64.98983
  65.03186
  65.08280
  65.14190
  65.20846
  65.28173
  65.36099
  65.44551
  65.53458
  65.62753
  65.72367
  65.82238
  65.92303
  66.02505
  66.12790
  66.23104
  66.33401
  66.43635
  66.53765
  66.63753
  66.73566
  66.83172
  66.92544
  67.01658
  67.10493
  67.19033
  67.27261
  67.35168
  67.42743
  67.49980
  67.56876
  67.63429
  67.69639
  67.75508
  67.81042
  67.86244
  67.91123
  67.95685
  67.99941
  68.03901
  68.07575
  68.10975
  68.14113
  68.17002
  68.19653
  68.22081
  68.24297
  68.26316
  68.28150
  68.29812
  68.31314
  68.32670
  68.33890
  68.34987
  68.35971
  68.36854
  68.37644
  68.38366
  68.39025
  68.39616
  68.40146
  68.40621
  68.41045
  68.41421
  68.41750
  68.42033
  68.42266
  68.42446
  68.42565
  68.42613
  68.42577
  68.42439
  68.42178
  68.41766
  68.41170
  68.40351
  68.39260
  68.37841
  68.36024
  68.33731
  68.30865
  68.27318
  68.22958
  68.17636
  68.11179
  68.03386
  67.94030
  67.82853
  67.69564
  67.53841
  67.35334
  67.13663
  66.88431
  66.59234
  66.25676
  65.87393
  65.44083
  64.95543
  64.41707
  63.82698
  63.18867
  62.50841
  61.79545
  61.06221
  60.32414
  59.59931
  58.90777
  58.27062
  57.70889
  57.24234
  56.88827
  56.66044
  56.56818
  56.61586
  56.80252
  57.12202
  57.56337
  58.11148
  58.74810
  59.45292
  60.20483
  60.98308
  61.76833
  62.54350
  63.29433
  64.00965
  64.68146
  65.30467
  65.87680
  66.39752
  66.86819
  67.29143
  67.67069
  68.00989
  68.31316
  68.58459
  68.82800
  69.04684
  69.24391
  69.42127
  69.57984
  69.71915
  69.83673
  69.92759
  69.98351
  69.99290
  69.94181
  69.81797
  69.61949
  69.36802
  69.11893
  68.95270
  68.93817
  69.08867
  69.35274
  69.64953
  69.91262
  70.10931
  70.23536
  70.30162
  70.32340
  70.31485
  70.28710
  70.24819
  70.20355
  70.15674
  70.11002
  70.06472
  70.02161
  69.98106
  69.94324
  69.90812
  69.87562
  69.84561
  69.81792
  69.79238
  69.76882
  69.74707
  69.72699
  69.70842
  69.69124
  69.67533
  69.66056
  69.64685
  69.63411
  69.62225
  69.61119
  69.60088
  69.59124
  69.58222
  69.57378
  69.56587
  69.55845
  69.55147
  69.54491
  69.53874
  69.53292
  69.52742
  69.52224
  69.51734
  69.51270
  69.50831
  69.50414
  69.50019
  69.49644
  69.49287
  69.48947
  69.48623
  69.48315
  69.48020
  69.47738
  69.47469
  69.47210
  69.46962
  69.46724
  69.46495
  69.46274
  69.46060
  69.45854
  69.45653
  69.45458
  69.45268
  69.45082
  69.44900
  69.44720
  69.44541
  69.44364
  69.44187
  69.44008
  69.43828
  69.43643
  69.43454
  69.43257
  69.43052
  69.42835
  69.42604
  69.42356
  69.42087
  69.41793
  69.41468
  69.41107
  69.40701
  69.40243
  69.39721
  69.39124
  69.38438
  69.37644
  69.36722
  69.35647
  69.34390
  69.32917
  69.31184
  69.29143
  69.26734
  69.23888
  69.20520
  69.16532
  69.11806
  69.06205
  68.99567
  68.91700
  68.82382
  68.71354
  68.58320
  68.42937
  68.24821
  68.03538
  67.78615
  67.49539
  67.15771
  66.76765
  66.31995
  65.80992
  65.23390
  64.58987
  63.87807
  63.10170
  62.26756
  61.38652
  60.47376
  59.54870
  58.63446
  57.75691
  56.94343
  56.22128
  55.61595
  55.14951
  54.83921
  54.69632
  54.72541
  54.92407
  55.28301
  55.78671
  56.41441
  57.14140
  57.94070
  58.78466
  59.64661
  60.50230
  61.33092
  62.11583
  62.84470
  63.50932
  64.10538
  64.63174
  65.08981
  65.48287
  65.81546
  66.09286
  66.32071
  66.50468
  66.65029
  66.76273
  66.84684
  66.90702
  66.94726
  66.97113
  66.98183
  66.98218
  66.97471
  66.96163
  66.94491
  66.92653
  66.90805
  66.89054
  66.87515
  66.86284
  66.85444
  66.85062
  66.85191
  66.85872
  66.87132
  66.88988
  66.91444
  66.94497
  66.98132
  67.02329
  67.07059
  67.12286
  67.17971
  67.24070
  67.30537
  67.37324
  67.44379
  67.51654
  67.59097
  67.66661
  67.74296
  67.81957
  67.89598
  67.97177
  68.04651
  68.11982
  68.19130
  68.26059
  68.32735
  68.39122
  68.45188
  68.50903
  68.56237
  68.61163
  68.65654
  68.69689
  68.73246
  68.76308
  68.78860
  68.80890
  68.82388
  68.83346
  68.83760
  68.83624
  68.82934
  68.81686
  68.79874
  68.77492
  68.74531
  68.70980
  68.66824
  68.62047
  68.56629
  68.50591
  68.43916
  68.36545
  68.28458
  68.19635
  68.10059
  67.99718
  67.88607
  67.76732
  67.64108
  67.50766
  67.36753
  67.22137
  67.07011
  66.91492
  66.75732
  66.59916
  66.44270
  66.29065
  66.14623
  66.01324
  65.89609
  65.79984
  65.73005
  65.69235
  65.69107
  65.72572
  65.78221
  65.81172
  65.68145
  65.08301
  63.47554
  60.60365
  58.20700
  59.11623
  62.24231
  64.69655
  65.87402
  66.30514
  66.42985
  66.46081
  66.48285
  66.52451
  66.59175
  66.68226
  66.79120
  66.91347
  67.04449
  67.18041
  67.31813
  67.45520
  67.58974
  67.72031
  67.84588
  67.96570
  68.07931
  68.18641
  68.28689
  68.38076
  68.46811
  68.54914
  68.62408
  68.69320
  68.75679
  68.81518
  68.86868
  68.91761
  68.96229
  69.00336
  69.04107
  69.07532
  69.10639
  69.13455
  69.16004
  69.18308
  69.20388
  69.22264
  69.23953
  69.25471
  69.26834
  69.28054
  69.29144
  69.30116
  69.30978
  69.31741
  69.32413
  69.33002
  69.33513
  69.33953
  69.34327
  69.34639
  69.34895
  69.35098
  69.35250
  69.35354
  69.35414
  69.35431
  69.35405
  69.35340
  69.35235
  69.35123
  69.35010
  69.34867
  69.34696
  69.34499
  69.34277
  69.34031
  69.33764
  69.33476
  69.33172
  69.32854
  69.32525
  69.32191
  69.31857
  69.31533
  69.31227
  69.30952
  69.30725
  69.30566
  69.30500
  69.30562
  69.30793
  69.31248
  69.32012
  69.33176
  69.34832
  69.37121
  69.40215
  69.44322
  69.49676
  69.56512
  69.64976
  69.74911
  69.85332
  69.93165
  69.90362
  69.57873
  68.57013
  66.37970
  63.36327
  62.02293
  63.95792
  66.85607
  68.67105
  69.40203
  69.55956
  69.47890
  69.31744
  69.14009
  68.97095
  68.81725
  68.67958
  68.55620
  68.44482
  68.34323
  68.24958
  68.16236
  68.08041
  68.00286
  67.92907
  67.85860
  67.79117
  67.72659
  67.66479
  67.60575
  67.54951
  67.49614
  67.44572
  67.39835
  67.35413
  67.31313
  67.27541
  67.24103
  67.20997
  67.18222
  67.15769
  67.13629
  67.11785
  67.10218
  67.08904
  67.07815
  67.06947
  67.06261
  67.05688
  67.05190
  67.04724
  67.04246
  67.03714
  67.03083
  67.02312
  67.01359
  67.00186
  66.98757
  66.97043
  66.95018
  66.92661
  66.89958
  66.86903
  66.83496
  66.79748
  66.75674
  66.71302
  66.66666
  66.61811
  66.56789
  66.51659
  66.46490
  66.41356
  66.36336
  66.31513
  66.26972
  66.22799
  66.19080
  66.15895
  66.13322
  66.11431
  66.10283
  66.09930
  66.10412
  66.11758
  66.13982
  66.17088
  66.21064
  66.25886
  66.31520
  66.37920
  66.45029
  66.52784
  66.61115
  66.69947
  66.79202
  66.88801
  66.98664
  67.08715
  67.18879
  67.29085
  67.39267
  67.49366
  67.59326
  67.69100
  67.78646
  67.87927
  67.96915
  68.05585
  68.13920
  68.21905
  68.29532
  68.36797
  68.43698
  68.50238
  68.56421
  68.62254
  68.67746
  68.72909
  68.77752
  68.82290
  68.86535
  68.90501
  68.94201
  68.97649
  69.00860
  69.03866
  69.06679
  69.09291
  69.11714
  69.13960
  69.16041
  69.17967
  69.19749
  69.21398
  69.22921
  69.24329
  69.25629
  69.26829
  69.27936
  69.28957
  69.29899
  69.30768
  69.31568
  69.32305
  69.32984
  69.33609
  69.34185
  69.34715
  69.35202
  69.35650
  69.36062
  69.36441
  69.36789
  69.37108
  69.37402
  69.37671
  69.37918
  69.38145
  69.38353
  69.38543
  69.38717
  69.38876
  69.39022
  69.39154
  69.39275
  69.39386
  69.39486
  69.39577
  69.39659
  69.39734
  69.39801
  69.39861
  69.39915
  69.39963
  69.40005
  69.40042
  69.40075
  69.40103
  69.40126
  69.40146
  69.40161
  69.40173
  69.40182
  69.40187
  69.40190
  69.40189
  69.40185
  69.40178
  69.40168
  69.40156
  69.40140
  69.40122
  69.40101
  69.40078
  69.40051
  69.40022
  69.39990
  69.39954
  69.39916
  69.39874
  69.39829
  69.39781
  69.39729
  69.39673
  69.39613
  69.39549
  69.39481
  69.39408
  69.39330
  69.39247
  69.39158
  69.39064
  69.38964
  69.38857
  69.38744
  69.38623
  69.38495
  69.38358
  69.38212
  69.38058
  69.37893
  69.37718
  69.37532
  69.37335
  69.37124
  69.36901
  69.36663
  69.36410
  69.36141
  69.35854
  69.35550
  69.35227
  69.34883
  69.34517
  69.34128
  69.33714
  69.33274
  69.32807
  69.32310
  69.31782
  69.31220
  69.30623
  69.29989
  69.29315
  69.28599
  69.27839
  69.27031
  69.26173
  69.25263
  69.24296
  69.23271
  69.22182
  69.21028
  69.19804
  69.18507
  69.17132
  69.15675
  69.14132
  69.12500
  69.10772
  69.08945
  69.07013
  69.04973
  69.02818
  69.00544
  68.98145
  68.95617
  68.92954
  68.90152
  68.87205
  68.84108
  68.80857
  68.77447
  68.73874
  68.70135
  68.66225
  68.62142
  68.57883
  68.53447
  68.48832
  68.44039
  68.39067
  68.33920
  68.28598
  68.23107
  68.17451
  68.11637
  68.05672
  67.99566
  67.93329
  67.86973
  67.80512
  67.73960
  67.67335
  67.60654
  67.53936
  67.47201
  67.40470
  67.33766
  67.27112
  67.20531
  67.14046
  67.07682
  67.01463
  66.95411
  66.89550
  66.83902
  66.78489
  66.73329
  66.68443
  66.63846
  66.59556
  66.55585
  66.51948
  66.48654
  66.45712
  66.43130
  66.40915
  66.39070
  66.37598
  66.36502
  66.35782
  66.35437
  66.35465
  66.35865
  66.36632
  66.37763
  66.39253
  66.41095
  66.43283
  66.45810
  66.48667
  66.51846
  66.55336
  66.59126
  66.63205
  66.67560
  66.72176
  66.77040
  66.82135
  66.87444
  66.92950
  66.98665
  67.04573
  67.10631
  67.16820
  67.23121
  67.29517
  67.35990
  67.42521
  67.49095
  67.55696
  67.62309
  67.68923
  67.75524
  67.82105
  67.88656
  67.95174
  68.01656
  68.08100
  68.14510
  68.20890
  68.27247
  68.33591
  68.39933
  68.46285
  68.52661
  68.59072
  68.65527
  68.72031
  68.78580
  68.85164
  68.91757
  68.98322
  69.04808
  69.11147
  69.17261
  69.23062
  69.28459
  69.33361
  69.37689
  69.41374
  69.44369
  69.46645
  69.48200
  69.49054
  69.49249
  69.48852
  69.47943
  69.46614
  69.44965
  69.43092
  69.41083
  69.39017
  69.36954
  69.34941
  69.33007
  69.31168
  69.29426
  69.27776
  69.26204
  69.24691
  69.23216
  69.21755
  69.20284
  69.18777
  69.17210
  69.15558
  69.13798
  69.11904
  69.09852
  69.07619
  69.05178
  69.02504
  68.99571
  68.96350
  68.92813
  68.88928
  68.84663
  68.79985
  68.74857
  68.69273
  68.63189
  68.56530
  68.49252
  68.41313
  68.32670
  68.23277
  68.13092
  68.02072
  67.90176
  67.77369
  67.63618
  67.48898
  67.33194
  67.16499
  66.98821
  66.80182
  66.60619
  66.40193
  66.18980
  65.97084
  65.74630
  65.51766
  65.28667
  65.05527
  64.82561
  64.60001
  64.38091
  64.17081
  63.97224
  63.78764
  63.61933
  63.46946
  63.33986
  63.23209
  63.14731
  63.08629
  63.04936
  63.03643
  63.04700
  63.08019
  63.13477
  63.20921
  63.30177
  63.41052
  63.53346
  63.66852
  63.81367
  63.96696
  64.12653
  64.29068
  64.45785
  64.62670
  64.79602
  64.96482
  65.13226
  65.29765
  65.46044
  65.62021
  65.77663
  65.92946
  66.07852
  66.22371
  66.36494
  66.50216
  66.63535
  66.76450
  66.88961
  67.01068
  67.12774
  67.24079
  67.34987
  67.45498
  67.55616
  67.65344
  67.74686
  67.83646
  67.92228
  68.00439
  68.08284
  68.15770
  68.22905
  68.29696
  68.36151
  68.42281
  68.48094
  68.53600
  68.58809
  68.63732
  68.68378
  68.72759
  68.76885
  68.80767
  68.84413
  68.87836
  68.91044
  68.94047
  68.96855
  68.99476
  69.01918
  69.04191
  69.06300
  69.08254
  69.10059
  69.11720
  69.13244
  69.14635
  69.15898
  69.17036
  69.18052
  69.18949
  69.19728
  69.20390
  69.20936
  69.21365
  69.21676
  69.21865
  69.21931
  69.21869
  69.21673
  69.21338
  69.20855
  69.20216
  69.19410
  69.18426
  69.17251
  69.15869
  69.14263
  69.12415
  69.10304
  69.07908
  69.05200
  69.02154
  68.98740
  68.94925
  68.90675
  68.85952
  68.80718
  68.74931
  68.68547
  68.61522
  68.53811
  68.45368
  68.36149
  68.26110
  68.15211
  68.03419
  67.90705
  67.77049
  67.62443
  67.46891
  67.30415
  67.13055
  66.94871
  66.75949
  66.56398
  66.36356
  66.15989
  65.95488
  65.75072
  65.54983
  65.35481
  65.16841
  64.99344
  64.83273
  64.68901
  64.56482
  64.46246
  64.38389
  64.33063
  64.30374
  64.30377
  64.33073
  64.38407
  64.46275
  64.56525
  64.68962
  64.83358
  64.99457
  65.16988
  65.35669
  65.55217
  65.75359
  65.95834
  66.16400
  66.36838
  66.56955
  66.76587
  66.95596
  67.13871
  67.31327
  67.47904
  67.63560
  67.78277
  67.92047
  68.04881
  68.16798
  68.27827
  68.38002
  68.47365
  68.55957
  68.63825
  68.71015
  68.77572
  68.83542
  68.88969
  68.93895
  68.98361
  69.02404
  69.06060
  69.09363
  69.12343
  69.15029
  69.17447
  69.19622
  69.21577
  69.23330
  69.24901
  69.26306
  69.27560
  69.28678
  69.29671
  69.30550
  69.31326
  69.32007
  69.32601
  69.33115
  69.33554
  69.33925
  69.34231
  69.34477
  69.34666
  69.34799
  69.34881
  69.34911
  69.34891
  69.34821
  69.34702
  69.34533
  69.34312
  69.34039
  69.33712
  69.33328
  69.32885
  69.32379
  69.31805
  69.31161
  69.30440
  69.29637
  69.28747
  69.27761
  69.26672
  69.25473
  69.24153
  69.22704
  69.21114
  69.19372
  69.17466
  69.15381
  69.13104
  69.10619
  69.07910
  69.04960
  69.01751
  68.98263
  68.94477
  68.90372
  68.85928
  68.81122
  68.75933
  68.70340
  68.64321
  68.57857
  68.50930
  68.43521
  68.35617
  68.27207
  68.18285
  68.08847
  67.98898
  67.88448
  67.77515
  67.66125
  67.54316
  67.42133
  67.29634
  67.16886
  67.03971
  66.90978
  66.78012
  66.65184
  66.52615
  66.40434
  66.28772
  66.17767
  66.07553
  65.98262
  65.90018
  65.82936
  65.77117
  65.72648
  65.69595
  65.68005
  65.67902
  65.69288
  65.72142
  65.76420
  65.82059
  65.88976
  65.97070
  66.06230
  66.16331
  66.27243
  66.38831
  66.50961
  66.63497
  66.76311
  66.89280
  67.02292
  67.15242
  67.28037
  67.40595
  67.52846
  67.64731
  67.76203
  67.87223
  67.97764
  68.07807
  68.17339
  68.26357
  68.34861
  68.42859
  68.50360
  68.57378
  68.63929
  68.70033
  68.75709
  68.80979
  68.85862
  68.90382
  68.94560
  68.98417
  69.01973
  69.05249
  69.08264
  69.11037
  69.13584
  69.15923
  69.18069
  69.20037
  69.21841
  69.23493
  69.25005
  69.26420
  69.27754
  69.28988
  69.30132
  69.31196
  69.32189
  69.33120
  69.33999
  69.34833
  69.35631
  69.36402
  69.37155
  69.37901
  69.38648
  69.39409
  69.40197
  69.41025
  69.41911
  69.42873
  69.43935
  69.45123
  69.46470
  69.48016
  69.49807
  69.51901
  69.54367
  69.57287
  69.60758
  69.64894
  69.69822
  69.75672
  69.82560
  69.90540
  69.99519
  70.09067
  70.18077
  70.24104
  70.22254
  70.03643
  69.54746
  68.62776
  67.36373
  66.32085
  66.24070
  67.12488
  68.22948
  68.98070
  69.28444
  69.26292
  69.04634
  68.71830
  68.32217
  67.87656
  67.38673
  66.85142
  66.26667
  65.62822
  64.93291
  64.17984
  63.37121
  62.51304
  61.61565
  60.69386
  59.76685
  58.85753
  57.99158
  57.19609
  56.49794
  55.92210
  55.49004
  55.21825
  55.11723
  55.19072
  55.43548
  55.84150
  56.39262
  57.06756
  57.84131
  58.68675
  59.57628
  60.48345
  61.38436
  62.25863
  63.09004
  63.86670
  64.58087
  65.22885
  65.80970
  66.32462
  66.77693
  67.17109
  67.51223
  67.80577
  68.05707
  68.27131
  68.45328
  68.60739
  68.73755
  68.84726
  68.93956
  69.01709
  69.08213
  69.13664
  69.18228
  69.22046
  69.25239
  69.27908
  69.30137
  69.31998
  69.33552
  69.34879
  69.36023
  69.36997
  69.37831
  69.38550
  69.39178
  69.39734
  69.40234
  69.40694
  69.41127
  69.41546
  69.41961
  69.42386
  69.42831
  69.43311
  69.43837
  69.44426
  69.45097
  69.45868
  69.46767
  69.47822
  69.49071
  69.50559
  69.52341
  69.54487
  69.57081
  69.60228
  69.64057
  69.68722
  69.74406
  69.81308
  69.89625
  69.99490
  70.10821
  70.23002
  70.34161
  70.39652
  70.29085
  69.81891
  68.67019
  66.71388
  64.80091
  64.65800
  66.44178
  68.46763
  69.71944
  70.25679
  70.39370
  70.35104
  70.24271
  70.12031
  70.00495
  69.90382
  69.81817
  69.74683
  69.68786
  69.63925
  69.59913
  69.56592
  69.53831
  69.51521
  69.49573
  69.47917
  69.46494
  69.45258
  69.44171
  69.43200
  69.42319
  69.41508
  69.40747
  69.40020
  69.39314
  69.38616
  69.37916
  69.37203
  69.36483
  69.35748
  69.34973
  69.34151
  69.33272
  69.32327
  69.31306
  69.30201
  69.28999
  69.27717
  69.26339
  69.24823
  69.23158
  69.21330
  69.19322
  69.17119
  69.14705
  69.12060
  69.09164
  69.05997
  69.02536
  68.98759
  68.94640
  68.90155
  68.85277
  68.79980
  68.74237
  68.68021
  68.61305
  68.54065
  68.46277
  68.37918
  68.28973
  68.19426
  68.09269
  67.98500
  67.87124
  67.75154
  67.62616
  67.49544
  67.35986
  67.22003
  67.07670
  66.93077
  66.78328
  66.63542
  66.48851
  66.34400
  66.20342
  66.06838
  65.94055
  65.82158
  65.71311
  65.61699
  65.53470
  65.46722
  65.41564
  65.38080
  65.36328
  65.36339
  65.38115
  65.41629
  65.46824
  65.53620
  65.61912
  65.71574
  65.82464
  65.94428
  66.07303
  66.20924
  66.35122
  66.49735
  66.64606
  66.79588
  66.94558
  67.09392
  67.23966
  67.38184
  67.51964
  67.65240
  67.77957
  67.90074
  68.01563
  68.12406
  68.22594
  68.32128
  68.41016
  68.49273
  68.56919
  68.63980
  68.70482
  68.76455
  68.81933
  68.86945
  68.91526
  68.95707
  68.99517
  69.02987
  69.06145
  69.09016
  69.11625
  69.13994
  69.16143
  69.18093
  69.19860
  69.21460
  69.22907
  69.24215
  69.25395
  69.26459
  69.27416
  69.28275
  69.29045
  69.29732
  69.30344
  69.30887
  69.31365
  69.31813
  69.32243
  69.32629
  69.32965
  69.33255
  69.33501
  69.33709
  69.33880
  69.34017
  69.34122
  69.34198
  69.34247
  69.34269
  69.34267
  69.34242
  69.34195
  69.34126
  69.34038
  69.33930
  69.33803
  69.33658
  69.33495
  69.33314
  69.33115
  69.32899
  69.32665
  69.32414
  69.32145
  69.31858
  69.31552
  69.31228
  69.30885
  69.30522
  69.30138
  69.29734
  69.29308
  69.28860
  69.28388
  69.27892
  69.27370
  69.26822
  69.26247
  69.25643
  69.25009
  69.24343
  69.23644
  69.22912
  69.22143
  69.21336
  69.20491
  69.19604
  69.18674
  69.17699
  69.16677
  69.15605
  69.14483
  69.13307
  69.12075
  69.10784
  69.09433
  69.08019
  69.06540
  69.04992
  69.03373
  69.01681
  68.99912
  68.98065
  68.96137
  68.94124
  68.92025
  68.89837
  68.87557
  68.85182
  68.82711
  68.80140
  68.77467
  68.74691
  68.71807
  68.68815
  68.65712
  68.62496
  68.59163
  68.55712
  68.52140
  68.48444
  68.44621
  68.40668
  68.36580
  68.32353
  68.27981
  68.23459
  68.18779
  68.13934
  68.08913
  68.03706
  67.98300
  67.92680
  67.86829
  67.80729
  67.74358
  67.67692
  67.60707
  67.53373
  67.45659
  67.37533
  67.28961
  67.19906
  67.10333
  67.00207
  66.89492
  66.78159
  66.66180
  66.53535
  66.40212
  66.26208
  66.11535
  65.96219
  65.80303
  65.63851
  65.46947
  65.29699
  65.12239
  64.94721
  64.77324
  64.60245
  64.43700
  64.27917
  64.13132
  63.99584
  63.87502
  63.77104
  63.68588
  63.62121
  63.57836
  63.55826
  63.56140
  63.58780
  63.63698
  63.70804
  63.79962
  63.90997
  64.03703
  64.17846
  64.33174
  64.49424
  64.66330
  64.83626
  65.01060
  65.18389
  65.35393
  65.51869
  65.67642
  65.82556
  65.96483
  66.09316
  66.20971
  66.31386
  66.40516
  66.48334
  66.54830
  66.60005
  66.63874
  66.66462
  66.67806
  66.67950
  66.66948
  66.64862
  66.61762
  66.57726
  66.52840
  66.47197
  66.40899
  66.34054
  66.26777
  66.19191
  66.11421
  66.03596
  65.95850
  65.88315
  65.81120
  65.74393
  65.68251
  65.62806
  65.58153
  65.54376
  65.51540
  65.49725
  65.48962
  65.49228
  65.50508
  65.52764
  65.55938
  65.59950
  65.64701
  65.70076
  65.75944
  65.82160
  65.88573
  65.95019
  66.01347
  66.07389
  66.12963
  66.17903
  66.22047
  66.25242
  66.27345
  66.28227
  66.27775
  66.25900
  66.22540
  66.17672
  66.11308
  66.03503
  65.94376
  65.84112
  65.72964
  65.61245
  65.49289
  65.37353
  65.25384
  65.12493
  64.95815
  64.68165
  64.13944
  63.05447
  61.15105
  58.79097
  57.58512
  58.64042
  60.70266
  62.24904
  63.01547
  63.29981
  63.37525
  63.39320
  63.42322
  63.49274
  63.60918
  63.77095
  63.97248
  64.20673
  64.46628
  64.74397
  65.03314
  65.32787
  65.62297
  65.91406
  66.19757
  66.47062
  66.73108
  66.97741
  67.20860
  67.42414
  67.62388
  67.80827
  67.97775
  68.13268
  68.27380
  68.40191
  68.51790
  68.62266
  68.71709
  68.80206
  68.87844
  68.94704
  69.00864
  69.06397
  69.11374
  69.15858
  69.19941
  69.23677
  69.27094
  69.30246
  69.33188
  69.35975
  69.38662
  69.41310
  69.43980
  69.46744
  69.49681
  69.52881
  69.56452
  69.60521
  69.65237
  69.70775
  69.77338
  69.85136
  69.94359
  70.05083
  70.17051
  70.29175
  70.38411
  70.37325
  70.09408
  69.23322
  67.41511
  64.90595
  63.56360
  64.88670
  67.39585
  69.22239
  70.08976
  70.37241
  70.38505
  70.29381
  70.17360
  70.05514
  69.94949
  69.85930
  69.78392
  69.72155
  69.67014
  69.62781
  69.59290
  69.56404
  69.54010
  69.52019
  69.50355
  69.48961
  69.47787
  69.46795
  69.45954
  69.45238
  69.44627
  69.44103
  69.43652
  69.43279
  69.42974
  69.42711
  69.42484
  69.42288
  69.42118
  69.41971
  69.41843
  69.41731
  69.41634
  69.41549
  69.41475
  69.41410
  69.41353
  69.41303
  69.41284
  69.41297
  69.41311
  69.41325
  69.41339
  69.41352
  69.41365
  69.41377
  69.41389
  69.41400
  69.41411
  69.41422
  69.41431
  69.41441
  69.41450
  69.41458
  69.41466
  69.41473
  69.41480
  69.41487
  69.41493
  69.41498
  69.41503
  69.41508
  69.41512
  69.41515
  69.41528
  69.41551
  69.41574
  69.41598
  69.41622
  69.41646
  69.41671
  69.41697
  69.41723
  69.41750
  69.41778
  69.41806
  69.41835
  69.41865
  69.41896
  69.41928
  69.41962
  69.41996
  69.42032
  69.42069
  69.42107
  69.42147
  69.42189
  69.42232
  69.42278
  69.42325
  69.42374
  69.42426
  69.42483
  69.42545
  69.42611
  69.42679
  69.42750
  69.42824
  69.42902
  69.42983
  69.43068
  69.43157
  69.43249
  69.43347
  69.43448
  69.43555
  69.43666
  69.43783
  69.43905
  69.44033
  69.44167
  69.44308
  69.44455
  69.44609
  69.44771
  69.44941
  69.45119
  69.45306
  69.45502
  69.45707
  69.45923
  69.46149
  69.46387
  69.46637
  69.46899
  69.47174
  69.47463
  69.47767
  69.48086
  69.48422
  69.48774
  69.49145
  69.49534
  69.49944
  69.50374
  69.50827
  69.51304
  69.51805
  69.52333
  69.52888
  69.53473
  69.54089
  69.54737
  69.55420
  69.56140
  69.56898
  69.57697
  69.58540
  69.59429
  69.60366
  69.61356
  69.62400
  69.63502
  69.64667
  69.65897
  69.67197
  69.68572
  69.70025
  69.71562
  69.73189
  69.74911
  69.76733
  69.78663
  69.80706
  69.82870
  69.85160
  69.87584
  69.90148
  69.92857
  69.95717
  69.98730
  70.01897
  70.05214
  70.08674
  70.12260
  70.15949
  70.19700
  70.23457
  70.27141
  70.30645
  70.33826
  70.36501
  70.38447
  70.39409
  70.39115
  70.37328
  70.33909
  70.28915
  70.22702
  70.15985
  70.09796
  70.05283
  70.03393
  70.04542
  70.08458
  70.14289
  70.20897
  70.27205
  70.32420
  70.36108
  70.38157
  70.38669
  70.37869
  70.36025
  70.33398
  70.30219
  70.26680
  70.22932
  70.19089
  70.15238
  70.11437
  70.07730
  70.04145
  70.00698
  69.97400
  69.94254
  69.91261
  69.88419
  69.85721
  69.83165
  69.80742
  69.78446
  69.76270
  69.74209
  69.72254
  69.70401
  69.68642
  69.66973
  69.65387
  69.63880
  69.62447
  69.61083
  69.59783
  69.58546
  69.57365
  69.56238
  69.55162
  69.54134
  69.53150
  69.52209
  69.51307
  69.50442
  69.49622
  69.48844
  69.48097
  69.47381
  69.46693
  69.46031
  69.45395
  69.44783
  69.44193
  69.43625
  69.43076
  69.42547
  69.42035
  69.41541
  69.41062
  69.40599
  69.40151
  69.39716
  69.39294
  69.38884
  69.38486
  69.38100
  69.37723
  69.37357
  69.37001
  69.36654
  69.36315
  69.35986
  69.35664
  69.35350
  69.35044
  69.34745
  69.34453
  69.34168
  69.33890
  69.33619
  69.33354
  69.33095
  69.32843
  69.32598
  69.32359
  69.32126
  69.31900
  69.31681
  69.31469
  69.31263
  69.31064
  69.30873
  69.30690
  69.30514
  69.30346
  69.30187
  69.30036
  69.29895
  69.29764
  69.29643
  69.29532
  69.29433
  69.29346
  69.29271
  69.29210
  69.29163
  69.29131
  69.29115
  69.29115
  69.29134
  69.29171
  69.29229
  69.29308
  69.29410
  69.29536
  69.29688
  69.29868
  69.30077
  69.30317
  69.30591
  69.30900
  69.31247
  69.31634
  69.32064
  69.32550
  69.33093
  69.33689
  69.34339
  69.35049
  69.35822
  69.36663
  69.37576
  69.38566
  69.39639
  69.40801
  69.42057
  69.43414
  69.44879
  69.46458
  69.48159
  69.49988
  69.51955
  69.54065
  69.56326
  69.58744
  69.61323
  69.64066
  69.66972
  69.70037
  69.73250
  69.76589
  69.80025
  69.83508
  69.86969
  69.90311
  69.93404
  69.96076
  69.98109
  69.99240
  69.99174
  69.97614
  69.94318
  69.89193
  69.82405
  69.74485
  69.66354
  69.59205
  69.54204
  69.52112
  69.52993
  69.56189
  69.60566
  69.64900
  69.68192
  69.69828
  69.69568
  69.67456
  69.63703
  69.58591
  69.52409
  69.45418
  69.37833
  69.29826
  69.21526
  69.13026
  69.04393
  68.95668
  68.86878
  68.78037
  68.69151
  68.60217
  68.51229
  68.42180
  68.33059
  68.23854
  68.14556
  68.05153
  67.95636
  67.85997
  67.76231
  67.66333
  67.56302
  67.46140
  67.35852
  67.25445
  67.14933
  67.04331
  66.93661
  66.82948
  66.72224
  66.61523
  66.50886
  66.40361
  66.29997
  66.19852
  66.09984
  66.00459
  65.91342
  65.82704
  65.74616
  65.67147
  65.60367
  65.54344
  65.49140
  65.44813
  65.41414
  65.38987
  65.37565
  65.37174
  65.37826
  65.39524
  65.42259
  65.46009
  65.50745
  65.56424
  65.62993
  65.70394
  65.78560
  65.87415
  65.96884
  66.06885
  66.17336
  66.28154
  66.39258
  66.50569
  66.62011
  66.73513
  66.85009
  66.96436
  67.07739
  67.18870
  67.29784
  67.40444
  67.50819
  67.60882
  67.70613
  67.79996
  67.89018
  67.97673
  68.05957
  68.13869
  68.21411
  68.28588
  68.35406
  68.41872
  68.47998
  68.53792
  68.59267
  68.64435
  68.69308
  68.73898
  68.78219
  68.82283
  68.86103
  68.89691
  68.93059
  68.96220
  68.99183
  69.01961
  69.04564
  69.07002
  69.09284
  69.11421
  69.13420
  69.15289
  69.17038
  69.18673
  69.20201
  69.21629
  69.22963
  69.24209
  69.25372
  69.26459
  69.27473
  69.28420
  69.29303
  69.30127
  69.30895
  69.31612
  69.32280
  69.32902
  69.33482
  69.34023
  69.34526
  69.34994
  69.35430
  69.35835
  69.36212
  69.36562
  69.36888
  69.37190
  69.37471
  69.37731
  69.37971
  69.38194
  69.38401
  69.38591
  69.38767
  69.38928
  69.39076
  69.39212
  69.39336
  69.39449
  69.39551
  69.39642
  69.39723
  69.39794
  69.39854
  69.39905
  69.39946
  69.39976
  69.39994
  69.40002
  69.39996
  69.39977
  69.39943
  69.39892
  69.39822
  69.39730
  69.39614
  69.39470
  69.39293
  69.39079
  69.38820
  69.38511
  69.38141
  69.37702
  69.37181
  69.36563
  69.35833
  69.34971
  69.33952
  69.32752
  69.31337
  69.29671
  69.27709
  69.25401
  69.22687
  69.19498
  69.15752
  69.11357
  69.06203
  69.00165
  68.93099
  68.84842
  68.75205
  68.63979
  68.50927
  68.35789
  68.18277
  67.98086
  67.74889
  67.48354
  67.18149
  66.83991
  66.45608
  66.02769
  65.55361
  65.03402
  64.47081
  63.86785
  63.23135
  62.57003
  61.89519
  61.22054
  60.56185
  59.93640
  59.36217
  58.85695
  58.43737
  58.11793
  57.91011
  57.82179
  57.85658
  58.01366
  58.28796
  58.67047
  59.14883
  59.70810
  60.33177
  61.00273
  61.70428
  62.42103
  63.13960
  63.84916
  64.54156
  65.21122
  65.85440
  66.46750
  67.04341
  67.56357
  67.98092
  68.18536
  67.94741
  66.89956
  64.86532
  62.88545
  63.05936
  65.37895
  67.74860
  69.14505
  69.75462
  69.94950
  69.96284
  69.90810
  69.83498
  69.76352
  69.70074
  69.64816
  69.60514
  69.57035
  69.54235
  69.51983
  69.50168
  69.48702
  69.47511
  69.46538
  69.45739
  69.45079
  69.44529
  69.44069
  69.43681
  69.43351
  69.43070
  69.42828
  69.42619
  69.42438
  69.42280
  69.42141
  69.42019
  69.41911
  69.41816
  69.41731
  69.41655
  69.41588
  69.41527
  69.41473
  69.41425
  69.41381
  69.41342
  69.41332
  69.41350
  69.41366
  69.41380
  69.41392
  69.41403
  69.41413
  69.41422
  69.41430
  69.41437
  69.41444
  69.41450
  69.41456
  69.41461
  69.41466
  69.41471
  69.41475
  69.41480
  69.41483
  69.41487
  69.41491
  69.41494
  69.41497
  69.41500
  69.41503
  69.41506
  69.41509
  69.41512
  69.41514
  69.41516
  69.41519
  69.41521
  69.41523
  69.41524
  69.41526
  69.41528
  69.41529
  69.41530
  69.41531
  69.41532
  69.41532
  69.41533
  69.41533
  69.41532
  69.41531
  69.41530
  69.41529
  69.41527
  69.41524
  69.41521
  69.41517
  69.41512
  69.41506
  69.41500
  69.41492
  69.41483
  69.41473
  69.41461
  69.41447
  69.41431
  69.41413
  69.41392
  69.41369
  69.41342
  69.41311
  69.41276
  69.41237
  69.41192
  69.41141
  69.41083
  69.41018
  69.40944
  69.40860
  69.40765
  69.40657
  69.40536
  69.40398
  69.40243
  69.40066
  69.39867
  69.39642
  69.39388
  69.39101
  69.38776
  69.38409
  69.37994
  69.37526
  69.36997
  69.36399
  69.35725
  69.34963
  69.34104
  69.33134
  69.32040
  69.30806
  69.29414
  69.27846
  69.26078
  69.24087
  69.21846
  69.19323
  69.16486
  69.13297
  69.09715
  69.05694
  69.01186
  68.96136
  68.90486
  68.84171
  68.77124
  68.69272
  68.60539
  68.50846
  68.40111
  68.28253
  68.15189
  68.00842
  67.85142
  67.68027
  67.49451
  67.29384
  67.07824
  66.84794
  66.60357
  66.34612
  66.07708
  65.79842
  65.51265
  65.22279
  64.93240
  64.64551
  64.36655
  64.10022
  63.85139
  63.62495
  63.42557
  63.25758
  63.12479
  63.03027
  62.97628
  62.96411
  62.99405
  63.06539
  63.17640
  63.32448
  63.50621
  63.71756
  63.95402
  64.21079
  64.48300
  64.76581
  65.05461
  65.34515
  65.63357
  65.91656
  66.19129
  66.45548
  66.70738
  66.94571
  67.16963
  67.37869
  67.57277
  67.75202
  67.91679
  68.06763
  68.20517
  68.33017
  68.44341
  68.54569
  68.63784
  68.72066
  68.79491
  68.86134
  68.92063
  68.97345
  69.02039
  69.06200
  69.09879
  69.13122
  69.15970
  69.18461
  69.20627
  69.22497
  69.24098
  69.25452
  69.26578
  69.27493
  69.28210
  69.28740
  69.29092
  69.29272
  69.29285
  69.29131
  69.28810
  69.28321
  69.27658
  69.26815
  69.25781
  69.24547
  69.23097
  69.21416
  69.19484
  69.17280
  69.14778
  69.11949
  69.08763
  69.05183
  69.01170
  68.96681
  68.91667
  68.86075
  68.79849
  68.72926
  68.65238
  68.56712
  68.47271
  68.36833
  68.25311
  68.12616
  67.98654
  67.83333
  67.66558
  67.48238
  67.28287
  67.06627
  66.83190
  66.57926
  66.30802
  66.01812
  65.70979
  65.38359
  65.04052
  64.68197
  64.30983
  63.92650
  63.53485
  63.13829
  62.74065
  62.34621
  61.95956
  61.58554
  61.22910
  60.89519
  60.58863
  60.31394
  60.07524
  59.87610
  59.71944
  59.60749
  59.54167
  59.52260
  59.55010
  59.62320
  59.74021
  59.89879
  60.09601
  60.32849
  60.59248
  60.88396
  61.19876
  61.53265
  61.88144
  62.24102
  62.60749
  62.97718
  63.34668
  63.71292
  64.07317
  64.42502
  64.76669
  65.09650
  65.41293
  65.71495
  66.00185
  66.27318
  66.52875
  66.76856
  66.99280
  67.20183
  67.39610
  67.57618
  67.74273
  67.89643
  68.03802
  68.16825
  68.28788
  68.39768
  68.49838
  68.59072
  68.67541
  68.75312
  68.82451
  68.89022
  68.95086
  69.00699
  69.05919
  69.10801
  69.15396
  69.19759
  69.23942
  69.27997
  69.31979
  69.35944
  69.39951
  69.44064
  69.48349
  69.52880
  69.57735
  69.63001
  69.68766
  69.75121
  69.82147
  69.89906
  69.98403
  70.07537
  70.17004
  70.26117
  70.33519
  70.36712
  70.31440
  70.11258
  69.68571
  69.00012
  68.18001
  67.58173
  67.58278
  68.18401
  69.00851
  69.69930
  70.13161
  70.33892
  70.39720
  70.37104
  70.30309
  70.21845
  70.13077
  70.04700
  69.97028
  69.90172
  69.84133
  69.78862
  69.74289
  69.70334
  69.66922
  69.63982
  69.61452
  69.59276
  69.57405
  69.55798
  69.54418
  69.53235
  69.52222
  69.51357
  69.50619
  69.49992
  69.49461
  69.49014
  69.48639
  69.48328
  69.48070
  69.47860
  69.47691
  69.47555
  69.47449
  69.47368
  69.47307
  69.47262
  69.47229
  69.47206
  69.47189
  69.47176
  69.47164
  69.47151
  69.47134
  69.47114
  69.47086
  69.47052
  69.47009
  69.46956
  69.46894
  69.46821
  69.46758
  69.46704
  69.46637
  69.46556
  69.46463
  69.46359
  69.46245
  69.46121
  69.45990
  69.45851
  69.45706
  69.45556
  69.45402
  69.45246
  69.45087
  69.44928
  69.44769
  69.44611
  69.44454
  69.44299
  69.44148
  69.43999
  69.43855
  69.43714
  69.43578
  69.43447
  69.43320
  69.43199
  69.43082
  69.42970
  69.42864
  69.42762
  69.42665
  69.42573
  69.42486
  69.42403
  69.42325
  69.42251
  69.42181
  69.42115
  69.42052
  69.41993
  69.41938
  69.41886
  69.41837
  69.41790
  69.41747
  69.41705
  69.41667
  69.41647
  69.41645
  69.41644
  69.41642
  69.41640
  69.41638
  69.41635
  69.41633
  69.41631
  69.41628
  69.41626
  69.41623
  69.41620
  69.41617
  69.41614
  69.41611
  69.41608
  69.41604
  69.41601
  69.41597
  69.41593
  69.41589
  69.41585
  69.41580
  69.41575
  69.41570
  69.41565
  69.41560
  69.41554
  69.41548
  69.41542
  69.41536
  69.41529
  69.41522
  69.41515
  69.41507
  69.41553
  69.41662
  69.41798
  69.41966
  69.42177
  69.42440
  69.42773
  69.43194
  69.43731
  69.44419
  69.45309
  69.46465
  69.47978
  69.49972
  69.52616
  69.56141
  69.60859
  69.67181
  69.75618
  69.86723
  70.00863
  70.17511
  70.33301
  70.36997
  69.98232
  68.52870
  65.41105
  62.28516
  62.97185
  66.50260
  69.12725
  70.17241
  70.38149
  70.28739
  70.11961
  69.95847
  69.82573
  69.72268
  69.64468
  69.58619
  69.54239
  69.50946
  69.48456
  69.46558
  69.45097
  69.43962
  69.43069
  69.42359
  69.41786
  69.41318
  69.40929
  69.40602
  69.40321
  69.40077
  69.39860
  69.39664
  69.39526
  69.39434
  69.39337
  69.39237
  69.39133
  69.39023
  69.38910
  69.38791
  69.38667
  69.38538
  69.38404
  69.38263
  69.38117
  69.37965
  69.37806
  69.37665
  69.37543
  69.37419
  69.37293
  69.37165
  69.37034
  69.36903
  69.36770
  69.36636
  69.36502
  69.36368
  69.36234
  69.36102
  69.35972
  69.35844
  69.35719
  69.35599
  69.35483
  69.35373
  69.35270
  69.35174
  69.35086
  69.35008
  69.34939
  69.34881
  69.34833
  69.34796
  69.34770
  69.34754
  69.34747
  69.34748
  69.34755
  69.34765
  69.34775
  69.34781
  69.34778
  69.34761
  69.34724
  69.34659
  69.34607
  69.34566
  69.34495
  69.34390
  69.34249
  69.34070
  69.33856
  69.33613
  69.33352
  69.33087
  69.32845
  69.32658
  69.32576
  69.32674
  69.33041
  69.33790
  69.35083
  69.37139
  69.40248
  69.44787
  69.51222
  69.60062
  69.71677
  69.85721
  69.99481
  70.03378
  69.69694
  68.31863
  64.96375
  60.76376
  60.70359
  64.85475
  68.22032
  69.60086
  69.92619
  69.87007
  69.71446
  69.55740
  69.42688
  69.32661
  69.25321
  69.20195
  69.16844
  69.14911
  69.14129
  69.14303
  69.15289
  69.16979
  69.19288
  69.22149
  69.25494
  69.29256
  69.33353
  69.37688
  69.42134
  69.46533
  69.50690
  69.54372
  69.57316
  69.59253
  69.59985
  69.59364
  69.57380
  69.54314
  69.50725
  69.47390
  69.45142
  69.44623
  69.46061
  69.49187
  69.53336
  69.57669
  69.61415
  69.64036
  69.65268
  69.65090
  69.63647
  69.61176
  69.57938
  69.54187
  69.50143
  69.45988
  69.41863
  69.37873
  69.34093
  69.30572
  69.27339
  69.24408
  69.21782
  69.19455
  69.17414
  69.15642
  69.14117
  69.12818
  69.11720
  69.10795
  69.10017
  69.09357
  69.08783
  69.08264
  69.07765
  69.07246
  69.06665
  69.05973
  69.05113
  69.04020
  69.02617
  69.00812
  68.98495
  68.95536
  68.91775
  68.87022
  68.81048
  68.73576
  68.64276
  68.52753
  68.38537
  68.21078
  67.99733
  67.73764
  67.42338
  67.04536
  66.59373
  66.05838
  65.42956
  64.69872
  63.85964
  62.90982
  61.85200
  60.69553
  59.45760
  58.16374
  56.84756
  55.54948
  54.31454
  53.18956
  52.21989
  51.44631
  50.90222
  50.61157
  50.58735
  50.83089
  51.33178
  52.06844
  53.00948
  54.11562
  55.34239
  56.64318
  57.97252
  59.28907
  60.55801
  61.75256
  62.85453
  63.85406
  64.74868
  65.54217
  66.24335
  66.86502
  67.42325
  67.93646
  68.42280
  68.89024
  69.29863
  69.41906
  68.34435
  63.39092
  53.46726
  53.19091
  63.18889
  68.45637
  69.72947
  69.77647
  69.55584
  69.31705
  69.11199
  68.94267
  68.80084
  68.67799
  68.56750
  68.46457
  68.36586
  68.26908
  68.17269
  68.07567
  67.97741
  67.87757
  67.77604
  67.67289
  67.56835
  67.46280
  67.35669
  67.25062
  67.14525
  67.04135
  66.94012
  66.84235
  66.74854
  66.65964
  66.57659
  66.50034
  66.43177
  66.37172
  66.32092
  66.28004
  66.24960
  66.23000
  66.22150
  66.22423
  66.23813
  66.26302
  66.29856
  66.34430
  66.39962
  66.46384
  66.53616
  66.61571
  66.70159
  66.79286
  66.88854
  66.98770
  67.08942
  67.19280
  67.29701
  67.40127
  67.50488
  67.60720
  67.70766
  67.80578
  67.90114
  67.99342
  68.08233
  68.16766
  68.24926
  68.32704
  68.40093
  68.47093
  68.53707
  68.59939
  68.65796
  68.71290
  68.76430
  68.81230
  68.85702
  68.89861
  68.93721
  68.97295
  69.00597
  69.03641
  69.06441
  69.09009
  69.11357
  69.13497
  69.15438
  69.17190
  69.18763
  69.20165
  69.21401
  69.22479
  69.23404
  69.24179
  69.24807
  69.25292
  69.25633
  69.25831
  69.25884
  69.25791
  69.25546
  69.25146
  69.24585
  69.23854
  69.22945
  69.21848
  69.20549
  69.19035
  69.17291
  69.15298
  69.13039
  69.10490
  69.07636
  69.04451
  69.00901
  68.96954
  68.92580
  68.87745
  68.82413
  68.76547
  68.70109
  68.63060
  68.55360
  68.46970
  68.37854
  68.27977
  68.17308
  68.05820
  67.93496
  67.80325
  67.66307
  67.51457
  67.35803
  67.19390
  67.02283
  66.84570
  66.66358
  66.47779
  66.28988
  66.10164
  65.91545
  65.73357
  65.55799
  65.39117
  65.23562
  65.09380
  64.96814
  64.86086
  64.77400
  64.70928
  64.66809
  64.65146
  64.65999
  64.69388
  64.75293
  64.83658
  64.94397
  65.07399
  65.22538
  65.39681
  65.58701
  65.79481
  66.01920
  66.25937
  66.51457
  66.78386
  67.06558
  67.35636
  67.64963
  67.93337
  68.18743
  68.38166
  68.47845
  68.44642
  68.29137
  68.09278
  67.99756
  68.12855
  68.47574
  68.90608
  69.27848
  69.52475
  69.64643
  69.67708
  69.65357
  69.60425
  69.54739
  69.49321
  69.44658
  69.40916
  69.38080
  69.36056
  69.34715
  69.33927
  69.33570
  69.33544
  69.33761
  69.34153
  69.34665
  69.35253
  69.35884
  69.36531
  69.37175
  69.37799
  69.38392
  69.38942
  69.39444
  69.39890
  69.40276
  69.40597
  69.40851
  69.41036
  69.41150
  69.41192
  69.41196
  69.41156
  69.41036
  69.40840
  69.40569
  69.40227
  69.39815
  69.39338
  69.38796
  69.38193
  69.37529
  69.36807
  69.36027
  69.35188
  69.34292
  69.33336
  69.32318
  69.31238
  69.30090
  69.28873
  69.27581
  69.26211
  69.24756
  69.23211
  69.21569
  69.19825
  69.17971
  69.15999
  69.13902
  69.11671
  69.09299
  69.06776
  69.04094
  69.01244
  68.98218
  68.95005
  68.91623
  68.88059
  68.84281
  68.80281
  68.76052
  68.71589
  68.66887
  68.61943
  68.56754
  68.51319
  68.45641
  68.39721
  68.33568
  68.27188
  68.20593
  68.13797
  68.06819
  67.99679
  67.92402
  67.85017
  67.77554
  67.70051
  67.62546
  67.55080
  67.47700
  67.40451
  67.33382
  67.26545
  67.19989
  67.13764
  67.07919
  67.02500
  66.97551
  66.93110
  66.89211
  66.85883
  66.83147
  66.81018
  66.79501
  66.78596
  66.78292
  66.78571
  66.79406
  66.80764
  66.82603
  66.84873
  66.87520
  66.90484
  66.93699
  66.97098
  67.00608
  67.04157
  67.07669
  67.11070
  67.14285
  67.17241
  67.19867
  67.22094
  67.23854
  67.25085
  67.25728
  67.25729
  67.25037
  67.23609
  67.21406
  67.18396
  67.14556
  67.09870
  67.04332
  66.97944
  66.90722
  66.82691
  66.73893
