   5.78234
   5.78234
   5.78234
   5.78234
   5.78234
   5.78234
   5.78234
   5.78234
   5.78234
   5.78234
   5.78234
   5.78234
   5.78234
   5.78234
   5.78234
   5.78234
   5.78234
   5.78233
   5.78233
   5.78233
   5.78233
   5.78233
   5.78233
   5.78233
   5.78233
   5.78233
   5.78233
   5.78232
   5.78232
   5.78232
   5.78232
   5.78232
   5.78231
   5.78231
   5.78230
   5.78230
   5.78229
   5.78228
   5.78228
   5.78227
   5.78226
   5.78224
   5.78223
   5.78221
   5.78219
   5.78217
   5.78214
   5.78211
   5.78207
   5.78203
   5.78198
   5.78192
   5.78185
   5.78178
   5.78168
   5.78158
   5.78145
   5.78130
   5.78113
   5.78093
   5.78069
   5.78042
   5.78010
   5.77972
   5.77928
   5.77877
   5.77816
   5.77746
   5.77664
   5.77567
   5.77455
   5.77323
   5.77169
   5.76990
   5.76779
   5.76534
   5.76247
   5.75913
   5.75523
   5.75069
   5.74540
   5.73926
   5.73212
   5.72384
   5.71425
   5.70318
   5.69046
   5.67588
   5.65919
   5.64014
   5.61851
   5.59407
   5.56661
   5.53597
   5.50204
   5.46480
   5.42434
   5.38090
   5.33489
   5.28691
   5.23781
   5.18868
   5.14090
   5.09612
   5.05624
   5.02331
   4.99899
   4.98258
   4.96401
   4.89886
   4.63718
   3.93625
   3.44875
   4.11012
   4.76323
   4.99754
   5.06905
   5.10250
   5.13277
   5.16711
   5.20551
   5.24633
   5.28785
   5.32865
   5.36765
   5.40405
   5.43736
   5.46725
   5.49357
   5.51629
   5.53548
   5.55125
   5.56375
   5.57317
   5.57968
   5.58347
   5.58472
   5.58358
   5.58025
   5.57485
   5.56748
   5.55824
   5.54725
   5.53461
   5.52043
   5.50481
   5.48786
   5.46968
   5.45039
   5.43014
   5.40905
   5.38729
   5.36501
   5.34241
   5.31966
   5.29697
   5.27453
   5.25257
   5.23128
   5.21087
   5.19153
   5.17344
   5.15677
   5.14167
   5.12825
   5.11662
   5.10684
   5.09895
   5.09298
   5.08891
   5.08670
   5.08629
   5.08759
   5.09049
   5.09487
   5.10059
   5.10751
   5.11545
   5.12426
   5.13375
   5.14377
   5.15414
   5.16470
   5.17528
   5.18573
   5.19592
   5.20572
   5.21501
   5.22370
   5.23169
   5.23893
   5.24537
   5.25096
   5.25568
   5.25955
   5.26255
   5.26472
   5.26609
   5.26669
   5.26660
   5.26585
   5.26451
   5.26266
   5.26035
   5.25766
   5.25465
   5.25140
   5.24797
   5.24441
   5.24078
   5.23714
   5.23352
   5.22999
   5.22656
   5.22327
   5.22016
   5.21724
   5.21453
   5.21206
   5.20983
   5.20785
   5.20614
   5.20469
   5.20353
   5.20264
   5.20203
   5.20171
   5.20167
   5.20193
   5.20247
   5.20331
   5.20444
   5.20587
   5.20760
   5.20963
   5.21197
   5.21461
   5.21756
   5.22083
   5.22442
   5.22832
   5.23255
   5.23710
   5.24198
   5.24718
   5.25272
   5.25858
   5.26476
   5.27127
   5.27810
   5.28525
   5.29270
   5.30045
   5.30849
   5.31681
   5.32540
   5.33425
   5.34333
   5.35264
   5.36215
   5.37185
   5.38171
   5.39173
   5.40187
   5.41211
   5.42243
   5.43281
   5.44323
   5.45366
   5.46408
   5.47447
   5.48481
   5.49507
   5.50524
   5.51530
   5.52523
   5.53502
   5.54464
   5.55409
   5.56335
   5.57240
   5.58125
   5.58988
   5.59828
   5.60645
   5.61438
   5.62207
   5.62951
   5.63671
   5.64365
   5.65036
   5.65681
   5.66303
   5.66900
   5.67473
   5.68024
   5.68551
   5.69056
   5.69539
   5.70000
   5.70441
   5.70862
   5.71264
   5.71646
   5.72010
   5.72357
   5.72687
   5.73001
   5.73299
   5.73582
   5.73850
   5.74105
   5.74347
   5.74576
   5.74793
   5.74999
   5.75194
   5.75378
   5.75553
   5.75718
   5.75874
   5.76022
   5.76161
   5.76293
   5.76418
   5.76536
   5.76647
   5.76752
   5.76851
   5.76944
   5.77033
   5.77116
   5.77195
   5.77269
   5.77339
   5.77405
   5.77467
   5.77526
   5.77581
   5.77633
   5.77682
   5.77728
   5.77772
   5.77813
   5.77852
   5.77889
   5.77923
   5.77955
   5.77986
   5.78015
   5.78042
   5.78067
   5.78092
   5.78114
   5.78136
   5.78156
   5.78175
   5.78192
   5.78209
   5.78225
   5.78240
   5.78254
   5.78267
   5.78280
   5.78291
   5.78302
   5.78313
   5.78323
   5.78332
   5.78340
   5.78349
   5.78356
   5.78364
   5.78370
   5.78377
   5.78383
   5.78389
   5.78394
   5.78399
   5.78404
   5.78408
   5.78412
   5.78416
   5.78420
   5.78424
   5.78427
   5.78430
   5.78433
   5.78436
   5.78438
   5.78441
   5.78443
   5.78445
   5.78447
   5.78449
   5.78451
   5.78453
   5.78454
   5.78456
   5.78457
   5.78459
   5.78460
   5.78461
   5.78462
   5.78463
   5.78464
   5.78465
   5.78466
   5.78467
   5.78468
   5.78468
   5.78469
   5.78470
   5.78470
   5.78471
   5.78471
   5.78472
   5.78472
   5.78473
   5.78473
   5.78474
   5.78474
   5.78474
   5.78475
   5.78475
   5.78475
   5.78476
   5.78476
   5.78476
   5.78476
   5.78477
   5.78477
   5.78477
   5.78477
   5.78477
   5.78478
   5.78478
   5.78478
   5.78478
   5.78478
   5.78478
   5.78478
   5.78478
   5.78479
   5.78479
   5.78479
   5.78479
   5.78479
   5.78479
   5.78479
   5.78479
   5.78479
   5.78479
   5.78479
   5.78479
   5.78479
   5.78479
   5.78480
   5.78480
   5.78480
   5.78480
   5.78480
   5.78480
   5.78480
   5.78480
   5.78480
   5.78480
   5.78480
   5.78480
   5.78480
   5.78480
   5.78480
   5.78480
   5.78480
   5.78480
   5.78480
   5.78480
   5.78480
   5.78480
   5.78480
   5.78480
   5.78480
   5.78480
   5.78480
   5.78480
   5.78480
   5.78480
   5.78480
   5.78480
   5.78480
   5.78480
   5.78480
   5.78480
   5.78480
   5.78480
   5.78480
   5.78480
   5.78480
   5.78480
   5.78480
   5.78480
   5.78480
   5.78480
   5.78480
   5.78480
   5.78480
   5.78480
   5.78480
   5.78480
   5.78480
   5.78480
   5.78480
   5.78480
   5.78480
   5.78480
   5.78480
   5.78480
   5.78480
   5.78480
   5.78480
   5.78480
   5.78480
   5.78480
   5.78480
   5.78480
   5.78480
   5.78480
   5.78480
   5.78480
   5.78480
   5.78480
   5.78480
   5.78480
   5.78480
   5.78480
   5.78480
   5.78480
   5.78480
   5.78480
   5.78480
   5.78480
   5.78480
   5.78480
   5.78480
   5.78480
   5.78480
   5.78480
   5.78480
   5.78480
   5.78480
   5.78480
   5.78480
   5.78480
   5.78480
   5.78480
   5.78480
   5.78480
   5.78480
   5.78481
   5.78481
   5.78482
   5.78483
   5.78484
   5.78485
   5.78486
   5.78487
   5.78488
   5.78489
   5.78490
   5.78491
   5.78492
   5.78493
   5.78494
   5.78495
   5.78496
   5.78497
   5.78498
   5.78499
   5.78500
   5.78501
   5.78502
   5.78503
   5.78505
   5.78506
   5.78507
   5.78508
   5.78509
   5.78510
   5.78512
   5.78513
   5.78514
   5.78515
   5.78517
   5.78518
   5.78519
   5.78521
   5.78522
   5.78523
   5.78524
   5.78526
   5.78527
   5.78529
   5.78530
   5.78531
   5.78533
   5.78534
   5.78535
   5.78537
   5.78538
   5.78540
   5.78541
   5.78542
   5.78544
   5.78545
   5.78547
   5.78548
   5.78549
   5.78551
   5.78552
   5.78554
   5.78555
   5.78556
   5.78558
   5.78559
   5.78561
   5.78562
   5.78563
   5.78565
   5.78566
   5.78567
   5.78569
   5.78570
   5.78571
   5.78572
   5.78574
   5.78575
   5.78576
   5.78577
   5.78579
   5.78580
   5.78581
   5.78582
   5.78583
   5.78584
   5.78585
   5.78586
   5.78587
   5.78588
   5.78589
   5.78590
   5.78591
   5.78592
   5.78593
   5.78594
   5.78594
   5.78595
   5.78596
   5.78597
   5.78597
   5.78598
   5.78598
   5.78599
   5.78600
   5.78600
   5.78600
   5.78601
   5.78601
   5.78602
   5.78602
   5.78602
   5.78602
   5.78602
   5.78603
   5.78603
   5.78603
   5.78603
   5.78603
   5.78603
   5.78602
   5.78602
   5.78602
   5.78602
   5.78602
   5.78601
   5.78601
   5.78601
   5.78600
   5.78600
   5.78599
   5.78599
   5.78598
   5.78597
   5.78597
   5.78596
   5.78595
   5.78595
   5.78594
   5.78593
   5.78592
   5.78591
   5.78591
   5.78590
   5.78589
   5.78588
   5.78587
   5.78586
   5.78585
   5.78583
   5.78582
   5.78581
   5.78580
   5.78579
   5.78578
   5.78577
   5.78575
   5.78574
   5.78573
   5.78572
   5.78570
   5.78569
   5.78568
   5.78566
   5.78565
   5.78564
   5.78562
   5.78561
   5.78559
   5.78558
   5.78557
   5.78555
   5.78554
   5.78552
   5.78551
   5.78550
   5.78548
   5.78547
   5.78545
   5.78544
   5.78542
   5.78541
   5.78540
   5.78538
   5.78537
   5.78535
   5.78534
   5.78532
   5.78531
   5.78530
   5.78528
   5.78527
   5.78525
   5.78524
   5.78523
   5.78521
   5.78520
   5.78519
   5.78517
   5.78516
   5.78515
   5.78513
   5.78512
   5.78511
   5.78509
   5.78508
   5.78507
   5.78505
   5.78504
   5.78503
   5.78501
   5.78500
   5.78499
   5.78497
   5.78496
   5.78494
   5.78493
   5.78491
   5.78490
   5.78488
   5.78486
   5.78485
   5.78482
   5.78480
   5.78478
   5.78475
   5.78472
   5.78468
   5.78464
   5.78459
   5.78453
   5.78446
   5.78438
   5.78428
   5.78417
   5.78404
   5.78387
   5.78367
   5.78343
   5.78313
   5.78276
   5.78230
   5.78175
   5.78106
   5.78023
   5.77920
   5.77794
   5.77639
   5.77449
   5.77216
   5.76930
   5.76580
   5.76151
   5.75626
   5.74984
   5.74200
   5.73244
   5.72080
   5.70665
   5.68951
   5.66882
   5.64391
   5.61409
   5.57857
   5.53657
   5.48728
   5.42998
   5.36412
   5.28939
   5.20585
   5.11407
   5.01520
   4.91105
   4.80408
   4.69734
   4.59433
   4.49879
   4.41443
   4.34470
   4.29255
   4.26022
   4.24912
   4.25972
   4.29158
   4.34328
   4.41261
   4.49663
   4.59189
   4.69469
   4.80128
   4.90816
   5.01228
   5.11114
   5.20293
   5.28649
   5.36124
   5.42711
   5.48441
   5.53367
   5.57563
   5.61106
   5.64078
   5.66555
   5.68609
   5.70306
   5.71702
   5.72845
   5.73778
   5.74535
   5.75147
   5.75639
   5.76031
   5.76341
   5.76582
   5.76766
   5.76902
   5.76997
   5.77058
   5.77089
   5.77094
   5.77076
   5.77037
   5.76978
   5.76901
   5.76806
   5.76694
   5.76564
   5.76417
   5.76251
   5.76066
   5.75862
   5.75635
   5.75387
   5.75113
   5.74814
   5.74486
   5.74128
   5.73737
   5.73311
   5.72847
   5.72342
   5.71795
   5.71202
   5.70560
   5.69864
   5.69112
   5.68301
   5.67427
   5.66489
   5.65484
   5.64410
   5.63268
   5.62056
   5.60775
   5.59427
   5.58016
   5.56545
   5.55022
   5.53454
   5.51850
   5.50223
   5.48584
   5.46950
   5.45336
   5.43759
   5.42238
   5.40793
   5.39440
   5.38200
   5.37090
   5.36124
   5.35317
   5.34680
   5.34221
   5.33946
   5.33855
   5.33947
   5.34216
   5.34655
   5.35252
   5.35994
   5.36865
   5.37848
   5.38925
   5.40077
   5.41288
   5.42539
   5.43814
   5.45097
   5.46374
   5.47635
   5.48867
   5.50064
   5.51217
   5.52321
   5.53373
   5.54370
   5.55312
   5.56197
   5.57027
   5.57803
   5.58526
   5.59200
   5.59827
   5.60411
   5.60956
   5.61462
   5.61934
   5.62373
   5.62783
   5.63167
   5.63526
   5.63864
   5.64182
   5.64482
   5.64767
   5.65037
   5.65294
   5.65540
   5.65775
   5.66002
   5.66219
   5.66430
   5.66633
   5.66831
   5.67023
   5.67210
   5.67393
   5.67573
   5.67749
   5.67924
   5.68097
   5.68270
   5.68443
   5.68618
   5.68795
   5.68977
   5.69164
   5.69360
   5.69565
   5.69783
   5.70017
   5.70270
   5.70547
   5.70853
   5.71193
   5.71573
   5.72002
   5.72486
   5.73035
   5.73654
   5.74349
   5.75114
   5.75930
   5.76742
   5.77431
   5.77754
   5.77254
   5.75143
   5.70328
   5.62048
   5.51763
   5.44781
   5.46495
   5.55524
   5.65641
   5.72835
   5.76703
   5.78267
   5.78539
   5.78182
   5.77566
   5.76882
   5.76222
   5.75627
   5.75110
   5.74671
   5.74306
   5.74008
   5.73768
   5.73578
   5.73433
   5.73326
   5.73251
   5.73205
   5.73182
   5.73180
   5.73196
   5.73227
   5.73272
   5.73327
   5.73392
   5.73466
   5.73546
   5.73632
   5.73723
   5.73818
   5.73916
   5.74017
   5.74120
   5.74224
   5.74330
   5.74436
   5.74543
   5.74649
   5.74755
   5.74860
   5.74965
   5.75068
   5.75171
   5.75271
   5.75371
   5.75468
   5.75564
   5.75658
   5.75750
   5.75841
   5.75929
   5.76015
   5.76099
   5.76181
   5.76262
   5.76342
   5.76421
   5.76497
   5.76570
   5.76641
   5.76710
   5.76777
   5.76842
   5.76904
   5.76965
   5.77023
   5.77080
   5.77134
   5.77187
   5.77238
   5.77287
   5.77334
   5.77379
   5.77423
   5.77465
   5.77506
   5.77545
   5.77583
   5.77619
   5.77654
   5.77688
   5.77720
   5.77751
   5.77781
   5.77810
   5.77838
   5.77864
   5.77890
   5.77914
   5.77938
   5.77960
   5.77982
   5.78003
   5.78023
   5.78042
   5.78060
   5.78078
   5.78095
   5.78111
   5.78127
   5.78142
   5.78156
   5.78170
   5.78183
   5.78195
   5.78208
   5.78219
   5.78230
   5.78241
   5.78251
   5.78261
   5.78270
   5.78279
   5.78288
   5.78296
   5.78304
   5.78312
   5.78319
   5.78326
   5.78332
   5.78339
   5.78345
   5.78351
   5.78356
   5.78361
   5.78367
   5.78371
   5.78376
   5.78380
   5.78385
   5.78389
   5.78392
   5.78396
   5.78400
   5.78403
   5.78406
   5.78409
   5.78412
   5.78415
   5.78417
   5.78419
   5.78422
   5.78424
   5.78426
   5.78428
   5.78429
   5.78431
   5.78432
   5.78434
   5.78435
   5.78436
   5.78437
   5.78438
   5.78438
   5.78439
   5.78439
   5.78442
   5.78447
   5.78452
   5.78458
   5.78464
   5.78471
   5.78479
   5.78488
   5.78498
   5.78509
   5.78521
   5.78535
   5.78552
   5.78570
   5.78591
   5.78615
   5.78643
   5.78675
   5.78712
   5.78755
   5.78804
   5.78863
   5.78931
   5.79010
   5.79104
   5.79214
   5.79343
   5.79496
   5.79676
   5.79889
   5.80141
   5.80439
   5.80791
   5.81205
   5.81690
   5.82254
   5.82902
   5.83629
   5.84415
   5.85211
   5.85907
   5.86294
   5.86001
   5.84444
   5.80896
   5.74964
   5.67692
   5.62349
   5.62445
   5.67869
   5.75030
   5.80749
   5.84079
   5.85448
   5.85582
   5.85055
   5.84227
   5.83300
   5.82380
   5.81514
   5.80720
   5.80001
   5.79352
   5.78763
   5.78225
   5.77728
   5.77265
   5.76826
   5.76405
   5.75997
   5.75594
   5.75194
   5.74791
   5.74383
   5.73967
   5.73538
   5.73097
   5.72639
   5.72165
   5.71671
   5.71158
   5.70625
   5.70070
   5.69494
   5.68897
   5.68279
   5.67641
   5.66984
   5.66310
   5.65622
   5.64920
   5.64209
   5.63491
   5.62771
   5.62051
   5.61338
   5.60637
   5.59953
   5.59289
   5.58652
   5.58045
   5.57474
   5.56945
   5.56461
   5.56027
   5.55648
   5.55324
   5.55060
   5.54856
   5.54712
   5.54628
   5.54601
   5.54628
   5.54706
   5.54828
   5.54988
   5.55178
   5.55388
   5.55608
   5.55826
   5.56028
   5.56201
   5.56329
   5.56394
   5.56377
   5.56260
   5.56021
   5.55636
   5.55081
   5.54332
   5.53360
   5.52140
   5.50645
   5.48849
   5.46728
   5.44262
   5.41439
   5.38251
   5.34704
   5.30813
   5.26613
   5.22152
   5.17497
   5.12735
   5.07969
   5.03315
   4.98901
   4.94859
   4.91320
   4.88404
   4.86218
   4.84845
   4.84342
   4.84736
   4.86021
   4.88161
   4.91090
   4.94715
   4.98927
   5.03602
   5.08608
   5.13818
   5.19107
   5.24365
   5.29497
   5.34424
   5.39087
   5.43443
   5.47467
   5.51146
   5.54481
   5.57479
   5.60157
   5.62534
   5.64633
   5.66478
   5.68093
   5.69503
   5.70729
   5.71793
   5.72714
   5.73511
   5.74198
   5.74791
   5.75301
   5.75739
   5.76116
   5.76440
   5.76717
   5.76955
   5.77159
   5.77334
   5.77483
   5.77611
   5.77720
   5.77813
   5.77892
   5.77959
   5.78016
   5.78064
   5.78105
   5.78138
   5.78166
   5.78189
   5.78207
   5.78221
   5.78232
   5.78239
   5.78244
   5.78247
   5.78247
   5.78244
   5.78240
   5.78234
   5.78226
   5.78216
   5.78204
   5.78191
   5.78176
   5.78159
   5.78140
   5.78120
   5.78097
   5.78073
   5.78046
   5.78018
   5.77987
   5.77953
   5.77917
   5.77878
   5.77837
   5.77792
   5.77744
   5.77693
   5.77638
   5.77579
   5.77516
   5.77449
   5.77377
   5.77300
   5.77217
   5.77130
   5.77036
   5.76936
   5.76830
   5.76717
   5.76596
   5.76467
   5.76331
   5.76186
   5.76031
   5.75868
   5.75694
   5.75510
   5.75315
   5.75110
   5.74892
   5.74662
   5.74420
   5.74165
   5.73896
   5.73614
   5.73319
   5.73009
   5.72685
   5.72347
   5.71995
   5.71629
   5.71250
   5.70857
   5.70451
   5.70034
   5.69605
   5.69165
   5.68717
   5.68261
   5.67798
   5.67332
   5.66862
   5.66392
   5.65924
   5.65460
   5.65003
   5.64555
   5.64120
   5.63700
   5.63298
   5.62916
   5.62559
   5.62229
   5.61929
   5.61661
   5.61427
   5.61229
   5.61069
   5.60948
   5.60868
   5.60830
   5.60832
   5.60877
   5.60962
   5.61088
   5.61253
   5.61455
   5.61694
   5.61966
   5.62270
   5.62603
   5.62962
   5.63345
   5.63748
   5.64168
   5.64603
   5.65049
   5.65504
   5.65965
   5.66428
   5.66892
   5.67354
   5.67811
   5.68262
   5.68703
   5.69134
   5.69553
   5.69957
   5.70346
   5.70717
   5.71070
   5.71403
   5.71716
   5.72005
   5.72272
   5.72513
   5.72729
   5.72918
   5.73077
   5.73207
   5.73306
   5.73371
   5.73401
   5.73394
   5.73348
   5.73261
   5.73130
   5.72952
   5.72725
   5.72445
   5.72109
   5.71713
   5.71255
   5.70731
   5.70135
   5.69464
   5.68712
   5.67876
   5.66951
   5.65935
   5.64824
   5.63617
   5.62312
   5.60909
   5.59410
   5.57819
   5.56141
   5.54385
   5.52562
   5.50685
   5.48771
   5.46840
   5.44913
   5.43016
   5.41174
   5.39416
   5.37771
   5.36266
   5.34929
   5.33786
   5.32857
   5.32161
   5.31712
   5.31518
   5.31582
   5.31899
   5.32462
   5.33257
   5.34264
   5.35460
   5.36820
   5.38315
   5.39917
   5.41593
   5.43316
   5.45057
   5.46790
   5.48491
   5.50138
   5.51712
   5.53199
   5.54586
   5.55861
   5.57018
   5.58051
   5.58956
   5.59731
   5.60376
   5.60893
   5.61281
   5.61545
   5.61686
   5.61710
   5.61620
   5.61422
   5.61119
   5.60720
   5.60229
   5.59654
   5.59002
   5.58282
   5.57503
   5.56674
   5.55806
   5.54911
   5.54000
   5.53085
   5.52181
   5.51300
   5.50455
   5.49661
   5.48931
   5.48276
   5.47708
   5.47239
   5.46876
   5.46627
   5.46497
   5.46491
   5.46608
   5.46850
   5.47212
   5.47691
   5.48280
   5.48971
   5.49754
   5.50620
   5.51557
   5.52553
   5.53600
   5.54684
   5.55793
   5.56916
   5.58044
   5.59168
   5.60278
   5.61368
   5.62432
   5.63464
   5.64461
   5.65418
   5.66333
   5.67205
   5.68032
   5.68814
   5.69552
   5.70245
   5.70895
   5.71502
   5.72070
   5.72598
   5.73088
   5.73544
   5.73965
   5.74356
   5.74716
   5.75048
   5.75355
   5.75637
   5.75897
   5.76135
   5.76355
   5.76556
   5.76740
   5.76910
   5.77065
   5.77207
   5.77337
   5.77456
   5.77565
   5.77665
   5.77757
   5.77840
   5.77918
   5.77990
   5.78057
   5.78118
   5.78174
   5.78226
   5.78274
   5.78317
   5.78358
   5.78395
   5.78430
   5.78462
   5.78491
   5.78519
   5.78544
   5.78567
   5.78589
   5.78609
   5.78628
   5.78645
   5.78661
   5.78675
   5.78689
   5.78701
   5.78713
   5.78723
   5.78732
   5.78741
   5.78749
   5.78756
   5.78762
   5.78767
   5.78772
   5.78776
   5.78780
   5.78783
   5.78785
   5.78787
   5.78788
   5.78789
   5.78789
   5.78789
   5.78789
   5.78788
   5.78787
   5.78785
   5.78783
   5.78782
   5.78779
   5.78777
   5.78774
   5.78772
   5.78769
   5.78766
   5.78763
   5.78760
   5.78756
   5.78753
   5.78749
   5.78745
   5.78741
   5.78737
   5.78732
   5.78727
   5.78723
   5.78719
   5.78714
   5.78709
   5.78702
   5.78694
   5.78683
   5.78671
   5.78656
   5.78638
   5.78615
   5.78588
   5.78554
   5.78513
   5.78463
   5.78402
   5.78327
   5.78235
   5.78122
   5.77983
   5.77814
   5.77606
   5.77351
   5.77039
   5.76659
   5.76196
   5.75629
   5.74935
   5.74089
   5.73057
   5.71802
   5.70278
   5.68433
   5.66209
   5.63537
   5.60345
   5.56554
   5.52084
   5.46859
   5.40813
   5.33900
   5.26104
   5.17452
   5.08023
   4.97960
   4.87471
   4.76829
   4.66359
   4.56423
   4.47399
   4.39651
   4.33507
   4.29236
   4.27035
   4.27010
   4.29176
   4.33456
   4.39682
   4.47611
   4.56938
   4.67316
   4.78383
   4.89779
   5.01169
   5.12244
   5.22708
   5.32228
   5.40329
   5.46217
   5.48589
   5.45850
   5.37933
   5.30052
   5.31482
   5.44089
   5.59565
   5.71030
   5.77547
   5.80673
   5.81922
   5.82242
   5.82138
   5.81860
   5.81530
   5.81204
   5.80906
   5.80645
   5.80424
   5.80241
   5.80096
   5.79986
   5.79912
   5.79875
   5.79878
   5.79928
   5.80032
   5.80203
   5.80459
   5.80823
   5.81327
   5.82009
   5.82908
   5.84043
   5.85356
   5.86545
   5.86644
   5.83057
   5.70208
   5.42557
   5.14342
   5.20284
   5.51870
   5.75228
   5.84613
   5.86677
   5.86057
   5.84736
   5.83418
   5.82306
   5.81425
   5.80746
   5.80227
   5.79833
   5.79533
   5.79306
   5.79131
   5.78995
   5.78890
   5.78807
   5.78742
   5.78689
   5.78647
   5.78614
   5.78586
   5.78564
   5.78545
   5.78529
   5.78517
   5.78506
   5.78496
   5.78492
   5.78491
   5.78490
   5.78489
   5.78488
   5.78487
   5.78486
   5.78485
   5.78484
   5.78483
   5.78482
   5.78481
   5.78481
   5.78480
   5.78479
   5.78478
   5.78477
   5.78476
   5.78476
   5.78477
   5.78480
   5.78483
   5.78487
   5.78491
   5.78496
   5.78502
   5.78508
   5.78516
   5.78523
   5.78532
   5.78542
   5.78552
   5.78564
   5.78577
   5.78591
   5.78608
   5.78629
   5.78651
   5.78676
   5.78704
   5.78734
   5.78769
   5.78807
   5.78849
   5.78897
   5.78950
   5.79010
   5.79078
   5.79154
   5.79241
   5.79339
   5.79450
   5.79577
   5.79722
   5.79888
   5.80079
   5.80299
   5.80551
   5.80842
   5.81178
   5.81565
   5.82011
   5.82522
   5.83104
   5.83757
   5.84476
   5.85233
   5.85972
   5.86569
   5.86790
   5.86217
   5.84180
   5.79838
   5.72763
   5.64335
   5.58649
   5.59699
   5.66681
   5.75032
   5.81358
   5.84962
   5.86501
   5.86793
   5.86434
   5.85782
   5.85033
   5.84287
   5.83591
   5.82964
   5.82409
   5.81925
   5.81505
   5.81143
   5.80831
   5.80563
   5.80333
   5.80136
   5.79967
   5.79824
   5.79702
   5.79599
   5.79512
   5.79440
   5.79381
   5.79334
   5.79297
   5.79270
   5.79253
   5.79245
   5.79245
   5.79252
   5.79266
   5.79286
   5.79314
   5.79348
   5.79388
   5.79436
   5.79489
   5.79550
   5.79618
   5.79693
   5.79775
   5.79865
   5.79963
   5.80069
   5.80184
   5.80307
   5.80439
   5.80580
   5.80730
   5.80890
   5.81059
   5.81237
   5.81426
   5.81625
   5.81833
   5.82049
   5.82272
   5.82502
   5.82738
   5.82978
   5.83222
   5.83468
   5.83715
   5.83960
   5.84202
   5.84439
   5.84669
   5.84890
   5.85100
   5.85296
   5.85477
   5.85642
   5.85790
   5.85919
   5.86031
   5.86124
   5.86200
   5.86258
   5.86301
   5.86329
   5.86343
   5.86342
   5.86327
   5.86298
   5.86254
   5.86194
   5.86117
   5.86023
   5.85910
   5.85779
   5.85630
   5.85464
   5.85281
   5.85083
   5.84872
   5.84650
   5.84419
   5.84181
   5.83937
   5.83690
   5.83442
   5.83195
   5.82950
   5.82708
   5.82471
   5.82239
   5.82014
   5.81797
   5.81588
   5.81387
   5.81194
   5.81011
   5.80836
   5.80670
   5.80513
   5.80365
   5.80225
   5.80093
   5.79970
   5.79853
   5.79745
   5.79643
   5.79548
   5.79459
   5.79376
   5.79298
   5.79226
   5.79158
   5.79095
   5.79037
   5.78982
   5.78931
   5.78883
   5.78839
   5.78797
   5.78758
   5.78721
   5.78687
   5.78655
   5.78625
   5.78596
   5.78569
   5.78543
   5.78519
   5.78496
   5.78474
   5.78453
   5.78433
   5.78413
   5.78394
   5.78376
   5.78358
   5.78341
   5.78324
   5.78308
   5.78291
   5.78275
   5.78259
   5.78244
   5.78228
   5.78212
   5.78196
   5.78180
   5.78164
   5.78148
   5.78132
   5.78115
   5.78099
   5.78082
   5.78066
   5.78050
   5.78035
   5.78019
   5.78002
   5.77984
   5.77966
   5.77948
   5.77928
   5.77908
   5.77888
   5.77866
   5.77844
   5.77821
   5.77799
   5.77778
   5.77756
   5.77734
   5.77711
   5.77688
   5.77664
   5.77640
   5.77615
   5.77589
   5.77563
   5.77537
   5.77510
   5.77483
   5.77455
   5.77427
   5.77399
   5.77370
   5.77342
   5.77313
   5.77284
   5.77255
   5.77226
   5.77198
   5.77169
   5.77141
   5.77114
   5.77087
   5.77060
   5.77035
   5.77010
   5.76986
   5.76964
   5.76942
   5.76922
   5.76903
   5.76886
   5.76870
   5.76855
   5.76842
   5.76830
   5.76820
   5.76811
   5.76803
   5.76796
   5.76789
   5.76783
   5.76777
   5.76770
   5.76763
   5.76754
   5.76743
   5.76731
   5.76715
   5.76696
   5.76673
   5.76646
   5.76614
   5.76577
   5.76534
   5.76485
   5.76430
   5.76368
   5.76301
   5.76227
   5.76147
   5.76061
   5.75970
   5.75873
   5.75773
   5.75668
   5.75560
   5.75449
   5.75337
   5.75224
   5.75110
   5.74997
   5.74886
   5.74776
   5.74669
   5.74565
   5.74466
   5.74370
   5.74280
   5.74195
   5.74116
   5.74042
   5.73975
   5.73914
   5.73860
   5.73812
   5.73770
   5.73736
   5.73707
   5.73685
   5.73669
   5.73660
   5.73656
   5.73658
   5.73665
   5.73678
   5.73696
   5.73719
   5.73746
   5.73778
   5.73814
   5.73853
   5.73897
   5.73944
   5.73994
   5.74047
   5.74103
   5.74161
   5.74222
   5.74284
   5.74349
   5.74415
   5.74482
   5.74551
   5.74621
   5.74691
   5.74763
   5.74834
   5.74906
   5.74979
   5.75051
   5.75123
   5.75197
   5.75273
   5.75349
   5.75424
   5.75499
   5.75573
   5.75646
   5.75718
   5.75788
   5.75858
   5.75926
   5.75993
   5.76059
   5.76123
   5.76186
   5.76248
   5.76307
   5.76366
   5.76423
   5.76479
   5.76534
   5.76587
   5.76639
   5.76688
   5.76736
   5.76781
   5.76825
   5.76867
   5.76907
   5.76945
   5.76980
   5.77014
   5.77045
   5.77074
   5.77100
   5.77124
   5.77146
   5.77165
   5.77181
   5.77194
   5.77204
   5.77212
   5.77216
   5.77217
   5.77215
   5.77209
   5.77200
   5.77187
   5.77170
   5.77150
   5.77125
   5.77096
   5.77063
   5.77025
   5.76983
   5.76937
   5.76887
   5.76832
   5.76772
   5.76709
   5.76642
   5.76572
   5.76498
   5.76422
   5.76345
   5.76266
   5.76187
   5.76110
   5.76034
   5.75962
   5.75893
   5.75829
   5.75767
   5.75706
   5.75639
   5.75554
   5.75431
   5.75234
   5.74909
   5.74369
   5.73488
   5.72096
   5.70002
   5.67064
   5.63345
   5.59309
   5.55864
   5.53994
   5.54088
   5.55628
   5.57604
   5.59175
   5.59960
   5.59949
   5.59308
   5.58234
   5.56897
   5.55423
   5.53900
   5.52386
   5.50919
   5.49524
   5.48217
   5.47009
   5.45907
   5.44915
   5.44035
   5.43270
   5.42619
   5.42082
   5.41657
   5.41343
   5.41137
   5.41035
   5.41033
   5.41127
   5.41312
   5.41582
   5.41932
   5.42357
   5.42849
   5.43404
   5.44014
   5.44675
   5.45379
   5.46122
   5.46896
   5.47697
   5.48520
   5.49359
   5.50209
   5.51066
   5.51925
   5.52783
   5.53636
   5.54480
   5.55313
   5.56130
   5.56931
   5.57712
   5.58471
   5.59208
   5.59919
   5.60605
   5.61264
   5.61895
   5.62498
   5.63073
   5.63619
   5.64137
   5.64626
   5.65087
   5.65520
   5.65927
   5.66307
   5.66662
   5.66992
   5.67298
   5.67581
   5.67843
   5.68083
   5.68304
   5.68507
   5.68691
   5.68860
   5.69013
   5.69151
   5.69276
   5.69389
   5.69491
   5.69582
   5.69664
   5.69738
   5.69804
   5.69864
   5.69919
   5.69968
   5.70012
   5.70052
   5.70087
   5.70118
   5.70146
   5.70169
   5.70189
   5.70204
   5.70214
   5.70218
   5.70215
   5.70203
   5.70181
   5.70147
   5.70098
   5.70029
   5.69938
   5.69820
   5.69669
   5.69478
   5.69239
   5.68943
   5.68580
   5.68136
   5.67598
   5.66949
   5.66169
   5.65238
   5.64130
   5.62820
   5.61278
   5.59472
   5.57369
   5.54936
   5.52140
   5.48949
   5.45340
   5.41295
   5.36809
   5.31891
   5.26572
   5.20903
   5.14962
   5.08852
   5.02701
   4.96661
   4.90898
   4.85588
   4.80907
   4.77020
   4.74069
   4.72170
   4.71402
   4.71799
   4.73354
   4.76017
   4.79695
   4.84262
   4.89567
   4.95441
   5.01707
   5.08192
   5.14736
   5.21196
   5.27453
   5.33414
   5.39012
   5.44206
   5.48973
   5.53313
   5.57235
   5.60762
   5.63922
   5.66749
   5.69276
   5.71538
   5.73567
   5.75390
   5.77033
   5.78511
   5.79832
   5.80993
   5.81973
   5.82730
   5.83196
   5.83274
   5.82848
   5.81816
   5.80162
   5.78067
   5.75991
   5.74606
   5.74485
   5.75739
   5.77940
   5.80413
   5.82605
   5.84244
   5.85295
   5.85847
   5.86028
   5.85957
   5.85726
   5.85402
   5.85030
   5.84640
   5.84250
   5.83873
   5.83513
   5.83176
   5.82860
   5.82568
   5.82297
   5.82047
   5.81816
   5.81603
   5.81407
   5.81226
   5.81058
   5.80904
   5.80760
   5.80628
   5.80505
   5.80390
   5.80284
   5.80185
   5.80093
   5.80007
   5.79927
   5.79852
   5.79782
   5.79716
   5.79654
   5.79596
   5.79541
   5.79489
   5.79441
   5.79395
   5.79352
   5.79311
   5.79272
   5.79236
   5.79201
   5.79168
   5.79137
   5.79107
   5.79079
   5.79052
   5.79026
   5.79002
   5.78978
   5.78956
   5.78934
   5.78914
   5.78894
   5.78875
   5.78856
   5.78838
   5.78821
   5.78804
   5.78788
   5.78772
   5.78757
   5.78742
   5.78727
   5.78712
   5.78697
   5.78682
   5.78667
   5.78652
   5.78637
   5.78621
   5.78605
   5.78588
   5.78570
   5.78550
   5.78530
   5.78507
   5.78483
   5.78456
   5.78426
   5.78392
   5.78354
   5.78310
   5.78260
   5.78203
   5.78137
   5.78060
   5.77971
   5.77866
   5.77743
   5.77599
   5.77429
   5.77228
   5.76991
   5.76710
   5.76378
   5.75984
   5.75517
   5.74964
   5.74308
   5.73532
   5.72613
   5.71527
   5.70245
   5.68735
   5.66962
   5.64885
   5.62462
   5.59648
   5.56397
   5.52666
   5.48416
   5.43616
   5.38249
   5.32317
   5.25848
   5.18896
   5.11554
   5.03948
   4.96239
   4.88620
   4.81308
   4.74529
   4.68511
   4.63466
   4.59579
   4.56993
   4.55803
   4.56045
   4.57701
   4.60692
   4.64889
   4.70120
   4.76178
   4.82839
   4.89872
   4.97055
   5.04186
   5.11091
   5.17632
   5.23706
   5.29244
   5.34211
   5.38598
   5.42415
   5.45691
   5.48462
   5.50774
   5.52673
   5.54206
   5.55419
   5.56356
   5.57057
   5.57559
   5.57894
   5.58093
   5.58182
   5.58185
   5.58123
   5.58014
   5.57874
   5.57721
   5.57567
   5.57421
   5.57293
   5.57190
   5.57120
   5.57089
   5.57099
   5.57156
   5.57261
   5.57416
   5.57620
   5.57875
   5.58178
   5.58527
   5.58922
   5.59357
   5.59831
   5.60339
   5.60878
   5.61444
   5.62032
   5.62638
   5.63258
   5.63888
   5.64525
   5.65163
   5.65800
   5.66431
   5.67054
   5.67665
   5.68261
   5.68838
   5.69395
   5.69927
   5.70432
   5.70909
   5.71353
   5.71764
   5.72138
   5.72474
   5.72770
   5.73026
   5.73238
   5.73407
   5.73532
   5.73612
   5.73647
   5.73635
   5.73578
   5.73474
   5.73323
   5.73124
   5.72878
   5.72582
   5.72235
   5.71837
   5.71386
   5.70883
   5.70326
   5.69712
   5.69038
   5.68303
   5.67505
   5.66643
   5.65717
   5.64728
   5.63676
   5.62564
   5.61396
   5.60178
   5.58918
   5.57624
   5.56311
   5.54993
   5.53689
   5.52422
   5.51219
   5.50110
   5.49134
   5.48332
   5.47750
   5.47436
   5.47426
   5.47714
   5.48185
   5.48431
   5.47345
   5.42358
   5.28963
   5.05030
   4.85058
   4.92635
   5.18686
   5.39138
   5.48950
   5.52543
   5.53582
   5.53840
   5.54024
   5.54371
   5.54931
   5.55686
   5.56593
   5.57612
   5.58704
   5.59837
   5.60984
   5.62127
   5.63248
   5.64336
   5.65382
   5.66381
   5.67328
   5.68220
   5.69057
   5.69840
   5.70568
   5.71243
   5.71867
   5.72443
   5.72973
   5.73460
   5.73906
   5.74313
   5.74686
   5.75028
   5.75342
   5.75628
   5.75887
   5.76121
   5.76334
   5.76526
   5.76699
   5.76855
   5.76996
   5.77123
   5.77236
   5.77338
   5.77429
   5.77510
   5.77582
   5.77645
   5.77701
   5.77750
   5.77793
   5.77829
   5.77861
   5.77887
   5.77908
   5.77925
   5.77937
   5.77946
   5.77951
   5.77953
   5.77950
   5.77945
   5.77936
   5.77927
   5.77917
   5.77906
   5.77891
   5.77875
   5.77856
   5.77836
   5.77814
   5.77790
   5.77764
   5.77738
   5.77710
   5.77683
   5.77655
   5.77628
   5.77602
   5.77579
   5.77560
   5.77547
   5.77542
   5.77547
   5.77566
   5.77604
   5.77668
   5.77765
   5.77903
   5.78093
   5.78351
   5.78693
   5.79140
   5.79709
   5.80415
   5.81243
   5.82111
   5.82764
   5.82530
   5.79823
   5.71418
   5.53164
   5.28027
   5.16858
   5.32983
   5.57134
   5.72259
   5.78350
   5.79663
   5.78991
   5.77645
   5.76167
   5.74758
   5.73477
   5.72330
   5.71302
   5.70373
   5.69527
   5.68747
   5.68020
   5.67337
   5.66690
   5.66076
   5.65488
   5.64926
   5.64388
   5.63873
   5.63381
   5.62913
   5.62468
   5.62048
   5.61653
   5.61284
   5.60943
   5.60628
   5.60342
   5.60083
   5.59852
   5.59647
   5.59469
   5.59315
   5.59185
   5.59075
   5.58985
   5.58912
   5.58855
   5.58807
   5.58766
   5.58727
   5.58687
   5.58643
   5.58590
   5.58526
   5.58447
   5.58349
   5.58230
   5.58087
   5.57918
   5.57722
   5.57496
   5.57242
   5.56958
   5.56646
   5.56306
   5.55942
   5.55556
   5.55151
   5.54732
   5.54305
   5.53874
   5.53446
   5.53028
   5.52626
   5.52248
   5.51900
   5.51590
   5.51325
   5.51110
   5.50953
   5.50857
   5.50827
   5.50868
   5.50980
   5.51165
   5.51424
   5.51755
   5.52157
   5.52627
   5.53160
   5.53752
   5.54399
   5.55093
   5.55829
   5.56600
   5.57400
   5.58222
   5.59060
   5.59907
   5.60757
   5.61606
   5.62447
   5.63277
   5.64092
   5.64887
   5.65661
   5.66410
   5.67132
   5.67827
   5.68492
   5.69128
   5.69733
   5.70308
   5.70853
   5.71368
   5.71854
   5.72312
   5.72742
   5.73146
   5.73524
   5.73878
   5.74208
   5.74517
   5.74804
   5.75072
   5.75322
   5.75557
   5.75774
   5.75976
   5.76163
   5.76337
   5.76497
   5.76646
   5.76783
   5.76910
   5.77027
   5.77136
   5.77236
   5.77328
   5.77413
   5.77492
   5.77564
   5.77631
   5.77692
   5.77749
   5.77801
   5.77849
   5.77893
   5.77933
   5.77971
   5.78005
   5.78037
   5.78066
   5.78092
   5.78117
   5.78139
   5.78160
   5.78179
   5.78196
   5.78212
   5.78226
   5.78240
   5.78252
   5.78263
   5.78273
   5.78282
   5.78290
   5.78298
   5.78305
   5.78311
   5.78317
   5.78322
   5.78326
   5.78330
   5.78334
   5.78337
   5.78340
   5.78342
   5.78344
   5.78345
   5.78347
   5.78348
   5.78349
   5.78349
   5.78349
   5.78349
   5.78349
   5.78348
   5.78347
   5.78346
   5.78345
   5.78344
   5.78342
   5.78340
   5.78338
   5.78335
   5.78332
   5.78330
   5.78326
   5.78323
   5.78319
   5.78315
   5.78311
   5.78306
   5.78301
   5.78296
   5.78290
   5.78284
   5.78277
   5.78271
   5.78263
   5.78255
   5.78247
   5.78238
   5.78229
   5.78219
   5.78208
   5.78196
   5.78184
   5.78171
   5.78158
   5.78143
   5.78128
   5.78111
   5.78094
   5.78075
   5.78055
   5.78034
   5.78012
   5.77988
   5.77963
   5.77936
   5.77907
   5.77876
   5.77844
   5.77810
   5.77773
   5.77734
   5.77692
   5.77648
   5.77602
   5.77552
   5.77499
   5.77443
   5.77383
   5.77320
   5.77253
   5.77181
   5.77105
   5.77025
   5.76939
   5.76849
   5.76752
   5.76650
   5.76542
   5.76428
   5.76306
   5.76178
   5.76042
   5.75898
   5.75745
   5.75584
   5.75414
   5.75235
   5.75045
   5.74845
   5.74635
   5.74413
   5.74179
   5.73934
   5.73676
   5.73405
   5.73121
   5.72823
   5.72511
   5.72185
   5.71845
   5.71490
   5.71121
   5.70736
   5.70337
   5.69922
   5.69493
   5.69050
   5.68592
   5.68121
   5.67636
   5.67139
   5.66630
   5.66111
   5.65581
   5.65043
   5.64497
   5.63945
   5.63388
   5.62828
   5.62267
   5.61706
   5.61147
   5.60593
   5.60044
   5.59504
   5.58974
   5.58455
   5.57951
   5.57463
   5.56992
   5.56541
   5.56111
   5.55704
   5.55321
   5.54963
   5.54632
   5.54329
   5.54054
   5.53809
   5.53594
   5.53410
   5.53256
   5.53133
   5.53042
   5.52982
   5.52953
   5.52955
   5.52989
   5.53053
   5.53147
   5.53271
   5.53425
   5.53607
   5.53817
   5.54056
   5.54320
   5.54611
   5.54927
   5.55267
   5.55630
   5.56015
   5.56420
   5.56845
   5.57287
   5.57746
   5.58222
   5.58714
   5.59219
   5.59735
   5.60260
   5.60793
   5.61332
   5.61877
   5.62425
   5.62975
   5.63526
   5.64077
   5.64627
   5.65175
   5.65721
   5.66265
   5.66805
   5.67342
   5.67876
   5.68407
   5.68937
   5.69466
   5.69994
   5.70524
   5.71055
   5.71589
   5.72127
   5.72669
   5.73215
   5.73764
   5.74313
   5.74860
   5.75401
   5.75929
   5.76438
   5.76922
   5.77372
   5.77780
   5.78141
   5.78448
   5.78697
   5.78887
   5.79017
   5.79088
   5.79104
   5.79071
   5.78995
   5.78885
   5.78747
   5.78591
   5.78424
   5.78251
   5.78080
   5.77912
   5.77751
   5.77597
   5.77452
   5.77315
   5.77184
   5.77058
   5.76935
   5.76813
   5.76690
   5.76565
   5.76434
   5.76297
   5.76150
   5.75992
   5.75821
   5.75635
   5.75431
   5.75209
   5.74964
   5.74696
   5.74401
   5.74077
   5.73722
   5.73332
   5.72905
   5.72439
   5.71932
   5.71377
   5.70771
   5.70109
   5.69389
   5.68606
   5.67758
   5.66839
   5.65848
   5.64781
   5.63635
   5.62408
   5.61099
   5.59708
   5.58235
   5.56682
   5.55052
   5.53349
   5.51582
   5.49757
   5.47886
   5.45981
   5.44056
   5.42127
   5.40213
   5.38333
   5.36508
   5.34757
   5.33102
   5.31564
   5.30161
   5.28912
   5.27832
   5.26934
   5.26228
   5.25719
   5.25411
   5.25304
   5.25392
   5.25668
   5.26123
   5.26743
   5.27515
   5.28421
   5.29445
   5.30571
   5.31781
   5.33058
   5.34388
   5.35756
   5.37149
   5.38556
   5.39967
   5.41374
   5.42769
   5.44147
   5.45504
   5.46835
   5.48139
   5.49412
   5.50654
   5.51864
   5.53041
   5.54185
   5.55295
   5.56371
   5.57413
   5.58422
   5.59398
   5.60340
   5.61249
   5.62125
   5.62968
   5.63779
   5.64557
   5.65304
   5.66019
   5.66703
   5.67357
   5.67981
   5.68575
   5.69141
   5.69679
   5.70190
   5.70675
   5.71133
   5.71567
   5.71978
   5.72365
   5.72730
   5.73074
   5.73397
   5.73701
   5.73986
   5.74254
   5.74504
   5.74738
   5.74956
   5.75160
   5.75349
   5.75525
   5.75688
   5.75838
   5.75977
   5.76104
   5.76220
   5.76325
   5.76420
   5.76504
   5.76579
   5.76644
   5.76699
   5.76745
   5.76780
   5.76806
   5.76822
   5.76828
   5.76822
   5.76806
   5.76778
   5.76738
   5.76685
   5.76618
   5.76536
   5.76438
   5.76322
   5.76189
   5.76035
   5.75859
   5.75659
   5.75433
   5.75180
   5.74895
   5.74577
   5.74223
   5.73829
   5.73393
   5.72911
   5.72379
   5.71794
   5.71151
   5.70447
   5.69679
   5.68842
   5.67934
   5.66952
   5.65892
   5.64754
   5.63537
   5.62241
   5.60868
   5.59421
   5.57906
   5.56329
   5.54700
   5.53030
   5.51332
   5.49624
   5.47923
   5.46249
   5.44623
   5.43070
   5.41612
   5.40273
   5.39075
   5.38040
   5.37187
   5.36532
   5.36089
   5.35865
   5.35865
   5.36089
   5.36534
   5.37190
   5.38044
   5.39080
   5.40280
   5.41621
   5.43082
   5.44639
   5.46268
   5.47947
   5.49653
   5.51367
   5.53070
   5.54746
   5.56382
   5.57966
   5.59489
   5.60944
   5.62325
   5.63630
   5.64856
   5.66004
   5.67073
   5.68067
   5.68986
   5.69834
   5.70614
   5.71330
   5.71985
   5.72585
   5.73131
   5.73629
   5.74081
   5.74491
   5.74863
   5.75200
   5.75505
   5.75780
   5.76029
   5.76252
   5.76454
   5.76635
   5.76798
   5.76944
   5.77075
   5.77192
   5.77297
   5.77390
   5.77473
   5.77546
   5.77611
   5.77667
   5.77717
   5.77760
   5.77796
   5.77827
   5.77853
   5.77873
   5.77889
   5.77900
   5.77907
   5.77909
   5.77908
   5.77902
   5.77892
   5.77878
   5.77859
   5.77837
   5.77809
   5.77777
   5.77740
   5.77698
   5.77650
   5.77597
   5.77537
   5.77470
   5.77396
   5.77313
   5.77223
   5.77123
   5.77013
   5.76892
   5.76760
   5.76614
   5.76455
   5.76282
   5.76092
   5.75885
   5.75659
   5.75413
   5.75146
   5.74855
   5.74540
   5.74198
   5.73827
   5.73427
   5.72994
   5.72528
   5.72027
   5.71488
   5.70911
   5.70293
   5.69635
   5.68934
   5.68190
   5.67404
   5.66575
   5.65704
   5.64793
   5.63844
   5.62860
   5.61844
   5.60803
   5.59741
   5.58664
   5.57582
   5.56501
   5.55432
   5.54385
   5.53369
   5.52398
   5.51481
   5.50629
   5.49855
   5.49168
   5.48578
   5.48093
   5.47721
   5.47466
   5.47334
   5.47325
   5.47441
   5.47679
   5.48035
   5.48505
   5.49081
   5.49756
   5.50519
   5.51361
   5.52270
   5.53236
   5.54247
   5.55291
   5.56359
   5.57440
   5.58524
   5.59603
   5.60670
   5.61716
   5.62737
   5.63728
   5.64684
   5.65602
   5.66480
   5.67317
   5.68112
   5.68863
   5.69572
   5.70238
   5.70863
   5.71448
   5.71994
   5.72503
   5.72976
   5.73415
   5.73822
   5.74199
   5.74547
   5.74868
   5.75164
   5.75437
   5.75689
   5.75920
   5.76132
   5.76327
   5.76506
   5.76670
   5.76820
   5.76958
   5.77084
   5.77202
   5.77313
   5.77416
   5.77511
   5.77600
   5.77682
   5.77760
   5.77833
   5.77903
   5.77969
   5.78033
   5.78096
   5.78158
   5.78221
   5.78284
   5.78350
   5.78419
   5.78493
   5.78573
   5.78661
   5.78760
   5.78873
   5.79001
   5.79151
   5.79325
   5.79531
   5.79774
   5.80063
   5.80408
   5.80819
   5.81306
   5.81880
   5.82545
   5.83293
   5.84089
   5.84840
   5.85342
   5.85188
   5.83637
   5.79562
   5.71898
   5.61364
   5.52674
   5.52006
   5.59374
   5.68579
   5.74839
   5.77370
   5.77191
   5.75386
   5.72653
   5.69351
   5.65638
   5.61556
   5.57095
   5.52222
   5.46902
   5.41108
   5.34832
   5.28093
   5.20942
   5.13464
   5.05782
   4.98057
   4.90479
   4.83263
   4.76634
   4.70816
   4.66018
   4.62417
   4.60152
   4.59310
   4.59923
   4.61962
   4.65346
   4.69938
   4.75563
   4.82011
   4.89056
   4.96469
   5.04029
   5.11536
   5.18822
   5.25750
   5.32222
   5.38174
   5.43574
   5.48414
   5.52705
   5.56474
   5.59759
   5.62602
   5.65048
   5.67142
   5.68928
   5.70444
   5.71728
   5.72813
   5.73727
   5.74496
   5.75142
   5.75684
   5.76139
   5.76519
   5.76837
   5.77103
   5.77326
   5.77511
   5.77667
   5.77796
   5.77907
   5.78002
   5.78083
   5.78153
   5.78213
   5.78265
   5.78311
   5.78353
   5.78391
   5.78427
   5.78462
   5.78497
   5.78532
   5.78569
   5.78609
   5.78653
   5.78702
   5.78758
   5.78822
   5.78897
   5.78985
   5.79089
   5.79213
   5.79362
   5.79541
   5.79757
   5.80019
   5.80338
   5.80727
   5.81200
   5.81776
   5.82469
   5.83291
   5.84235
   5.85250
   5.86180
   5.86638
   5.85757
   5.81824
   5.72252
   5.55949
   5.40008
   5.38817
   5.53682
   5.70564
   5.80995
   5.85473
   5.86614
   5.86259
   5.85356
   5.84336
   5.83375
   5.82532
   5.81818
   5.81224
   5.80732
   5.80327
   5.79993
   5.79716
   5.79486
   5.79293
   5.79131
   5.78993
   5.78875
   5.78772
   5.78681
   5.78600
   5.78527
   5.78459
   5.78396
   5.78335
   5.78276
   5.78218
   5.78160
   5.78100
   5.78040
   5.77979
   5.77914
   5.77846
   5.77773
   5.77694
   5.77609
   5.77517
   5.77417
   5.77310
   5.77195
   5.77069
   5.76930
   5.76777
   5.76610
   5.76427
   5.76225
   5.76005
   5.75764
   5.75500
   5.75211
   5.74897
   5.74553
   5.74180
   5.73773
   5.73332
   5.72853
   5.72335
   5.71775
   5.71172
   5.70523
   5.69827
   5.69081
   5.68285
   5.67439
   5.66542
   5.65594
   5.64596
   5.63551
   5.62462
   5.61332
   5.60167
   5.58972
   5.57756
   5.56527
   5.55295
   5.54071
   5.52867
   5.51695
   5.50570
   5.49505
   5.48513
   5.47609
   5.46808
   5.46122
   5.45560
   5.45130
   5.44840
   5.44694
   5.44695
   5.44843
   5.45136
   5.45569
   5.46135
   5.46826
   5.47631
   5.48539
   5.49536
   5.50609
   5.51744
   5.52927
   5.54145
   5.55384
   5.56632
   5.57880
   5.59116
   5.60330
   5.61515
   5.62664
   5.63770
   5.64830
   5.65840
   5.66797
   5.67700
   5.68549
   5.69344
   5.70085
   5.70773
   5.71410
   5.71998
   5.72540
   5.73038
   5.73494
   5.73912
   5.74294
   5.74642
   5.74960
   5.75249
   5.75512
   5.75751
   5.75969
   5.76166
   5.76345
   5.76508
   5.76655
   5.76788
   5.76909
   5.77018
   5.77116
   5.77205
   5.77285
   5.77356
   5.77420
   5.77478
   5.77529
   5.77574
   5.77614
   5.77651
   5.77687
   5.77719
   5.77747
   5.77771
   5.77792
   5.77809
   5.77823
   5.77835
   5.77844
   5.77850
   5.77854
   5.77856
   5.77856
   5.77853
   5.77850
   5.77844
   5.77837
   5.77828
   5.77817
   5.77805
   5.77791
   5.77776
   5.77760
   5.77742
   5.77722
   5.77701
   5.77679
   5.77655
   5.77629
   5.77602
   5.77574
   5.77543
   5.77512
   5.77478
   5.77442
   5.77405
   5.77366
   5.77324
   5.77281
   5.77235
   5.77187
   5.77137
   5.77084
   5.77029
   5.76970
   5.76909
   5.76845
   5.76778
   5.76708
   5.76634
   5.76556
   5.76475
   5.76390
   5.76300
   5.76207
   5.76109
   5.76006
   5.75899
   5.75786
   5.75668
   5.75545
   5.75416
   5.75281
   5.75140
   5.74993
   5.74839
   5.74678
   5.74510
   5.74335
   5.74153
   5.73963
   5.73765
   5.73559
   5.73345
   5.73122
   5.72891
   5.72651
   5.72401
   5.72143
   5.71875
   5.71597
   5.71309
   5.71012
   5.70704
   5.70385
   5.70056
   5.69715
   5.69363
   5.68998
   5.68622
   5.68232
   5.67828
   5.67409
   5.66976
   5.66525
   5.66057
   5.65569
   5.65061
   5.64530
   5.63974
   5.63392
   5.62781
   5.62138
   5.61461
   5.60747
   5.59992
   5.59194
   5.58351
   5.57458
   5.56513
   5.55515
   5.54461
   5.53351
   5.52184
   5.50961
   5.49685
   5.48359
   5.46988
   5.45579
   5.44142
   5.42687
   5.41227
   5.39777
   5.38354
   5.36975
   5.35660
   5.34428
   5.33299
   5.32292
   5.31425
   5.30716
   5.30177
   5.29820
   5.29652
   5.29678
   5.29898
   5.30308
   5.30900
   5.31664
   5.32583
   5.33642
   5.34820
   5.36098
   5.37452
   5.38861
   5.40302
   5.41755
   5.43199
   5.44616
   5.45989
   5.47303
   5.48546
   5.49707
   5.50776
   5.51748
   5.52615
   5.53376
   5.54028
   5.54569
   5.55000
   5.55323
   5.55539
   5.55650
   5.55663
   5.55579
   5.55405
   5.55147
   5.54810
   5.54403
   5.53933
   5.53408
   5.52838
   5.52231
   5.51599
   5.50952
   5.50300
   5.49654
   5.49026
   5.48427
   5.47866
   5.47354
   5.46900
   5.46513
   5.46198
   5.45962
   5.45810
   5.45747
   5.45769
   5.45876
   5.46064
   5.46328
   5.46663
   5.47058
   5.47506
   5.47995
   5.48513
   5.49048
   5.49585
   5.50112
   5.50616
   5.51080
   5.51492
   5.51837
   5.52103
   5.52279
   5.52352
   5.52315
   5.52158
   5.51878
   5.51473
   5.50942
   5.50292
   5.49531
   5.48676
   5.47747
   5.46770
   5.45774
   5.44779
   5.43782
   5.42708
   5.41318
   5.39014
   5.34495
   5.25454
   5.09592
   4.89925
   4.79876
   4.88670
   5.05855
   5.18742
   5.25129
   5.27498
   5.28127
   5.28277
   5.28527
   5.29106
   5.30077
   5.31425
   5.33104
   5.35056
   5.37219
   5.39533
   5.41943
   5.44399
   5.46858
   5.49284
   5.51646
   5.53922
   5.56092
   5.58145
   5.60072
   5.61868
   5.63532
   5.65069
   5.66481
   5.67772
   5.68948
   5.70016
   5.70982
   5.71855
   5.72642
   5.73351
   5.73987
   5.74559
   5.75072
   5.75533
   5.75948
   5.76322
   5.76662
   5.76973
   5.77258
   5.77520
   5.77766
   5.77998
   5.78222
   5.78442
   5.78665
   5.78895
   5.79140
   5.79407
   5.79704
   5.80043
   5.80436
   5.80898
   5.81445
   5.82095
   5.82863
   5.83757
   5.84754
   5.85765
   5.86534
   5.86444
   5.84117
   5.76944
   5.61793
   5.40883
   5.29697
   5.40723
   5.61632
   5.76853
   5.84081
   5.86437
   5.86542
   5.85782
   5.84780
   5.83793
   5.82912
   5.82161
   5.81533
   5.81013
   5.80585
   5.80232
   5.79941
   5.79700
   5.79501
   5.79335
   5.79196
   5.79080
   5.78982
   5.78900
   5.78829
   5.78770
   5.78719
   5.78675
   5.78638
   5.78607
   5.78581
   5.78559
   5.78540
   5.78524
   5.78510
   5.78498
   5.78487
   5.78478
   5.78470
   5.78462
   5.78456
   5.78451
   5.78446
   5.78442
   5.78440
   5.78441
   5.78443
   5.78444
   5.78445
   5.78446
   5.78447
   5.78448
   5.78449
   5.78450
   5.78451
   5.78452
   5.78453
   5.78453
   5.78454
   5.78455
   5.78455
   5.78456
   5.78457
   5.78457
   5.78458
   5.78458
   5.78459
   5.78459
   5.78459
   5.78460
   5.78461
   5.78463
   5.78465
   5.78466
   5.78468
   5.78471
   5.78473
   5.78475
   5.78477
   5.78479
   5.78481
   5.78484
   5.78486
   5.78489
   5.78491
   5.78494
   5.78497
   5.78500
   5.78503
   5.78506
   5.78509
   5.78512
   5.78516
   5.78519
   5.78523
   5.78527
   5.78531
   5.78535
   5.78540
   5.78545
   5.78551
   5.78557
   5.78562
   5.78569
   5.78575
   5.78582
   5.78589
   5.78596
   5.78604
   5.78612
   5.78621
   5.78630
   5.78639
   5.78649
   5.78659
   5.78669
   5.78681
   5.78692
   5.78705
   5.78717
   5.78731
   5.78745
   5.78760
   5.78775
   5.78792
   5.78809
   5.78827
   5.78846
   5.78866
   5.78886
   5.78908
   5.78931
   5.78955
   5.78981
   5.79007
   5.79035
   5.79065
   5.79095
   5.79128
   5.79162
   5.79198
   5.79236
   5.79275
   5.79317
   5.79361
   5.79407
   5.79456
   5.79507
   5.79561
   5.79618
   5.79678
   5.79741
   5.79808
   5.79878
   5.79952
   5.80031
   5.80113
   5.80200
   5.80292
   5.80389
   5.80491
   5.80600
   5.80714
   5.80835
   5.80964
   5.81099
   5.81243
   5.81394
   5.81555
   5.81726
   5.81906
   5.82097
   5.82299
   5.82512
   5.82738
   5.82976
   5.83227
   5.83491
   5.83768
   5.84056
   5.84355
   5.84662
   5.84975
   5.85288
   5.85595
   5.85887
   5.86152
   5.86375
   5.86537
   5.86617
   5.86593
   5.86444
   5.86159
   5.85743
   5.85225
   5.84665
   5.84150
   5.83774
   5.83616
   5.83712
   5.84038
   5.84524
   5.85075
   5.85600
   5.86035
   5.86342
   5.86513
   5.86556
   5.86489
   5.86335
   5.86116
   5.85852
   5.85557
   5.85244
   5.84924
   5.84603
   5.84286
   5.83978
   5.83679
   5.83391
   5.83117
   5.82855
   5.82605
   5.82368
   5.82143
   5.81930
   5.81728
   5.81537
   5.81356
   5.81184
   5.81021
   5.80867
   5.80720
   5.80581
   5.80449
   5.80323
   5.80204
   5.80090
   5.79982
   5.79879
   5.79780
   5.79687
   5.79597
   5.79511
   5.79429
   5.79351
   5.79276
   5.79204
   5.79135
   5.79070
   5.79008
   5.78948
   5.78891
   5.78836
   5.78783
   5.78732
   5.78683
   5.78635
   5.78590
   5.78546
   5.78503
   5.78462
   5.78422
   5.78383
   5.78346
   5.78310
   5.78274
   5.78240
   5.78207
   5.78175
   5.78144
   5.78113
   5.78083
   5.78054
   5.78026
   5.77999
   5.77972
   5.77946
   5.77920
   5.77895
   5.77871
   5.77847
   5.77824
   5.77802
   5.77779
   5.77758
   5.77737
   5.77716
   5.77697
   5.77677
   5.77658
   5.77640
   5.77622
   5.77605
   5.77589
   5.77573
   5.77557
   5.77543
   5.77529
   5.77516
   5.77503
   5.77491
   5.77480
   5.77470
   5.77461
   5.77453
   5.77445
   5.77439
   5.77434
   5.77430
   5.77428
   5.77426
   5.77426
   5.77428
   5.77431
   5.77436
   5.77442
   5.77451
   5.77461
   5.77474
   5.77489
   5.77506
   5.77526
   5.77549
   5.77575
   5.77604
   5.77636
   5.77672
   5.77712
   5.77758
   5.77807
   5.77862
   5.77921
   5.77985
   5.78055
   5.78131
   5.78214
   5.78303
   5.78400
   5.78505
   5.78618
   5.78740
   5.78871
   5.79013
   5.79166
   5.79330
   5.79505
   5.79694
   5.79895
   5.80110
   5.80339
   5.80581
   5.80836
   5.81104
   5.81382
   5.81669
   5.81959
   5.82247
   5.82526
   5.82784
   5.83006
   5.83176
   5.83270
   5.83265
   5.83135
   5.82860
   5.82433
   5.81867
   5.81207
   5.80530
   5.79934
   5.79517
   5.79343
   5.79416
   5.79682
   5.80047
   5.80408
   5.80683
   5.80819
   5.80797
   5.80621
   5.80309
   5.79883
   5.79367
   5.78785
   5.78153
   5.77485
   5.76794
   5.76086
   5.75366
   5.74639
   5.73907
   5.73170
   5.72429
   5.71685
   5.70936
   5.70182
   5.69422
   5.68655
   5.67880
   5.67096
   5.66303
   5.65500
   5.64686
   5.63861
   5.63025
   5.62178
   5.61321
   5.60454
   5.59578
   5.58694
   5.57805
   5.56912
   5.56019
   5.55127
   5.54241
   5.53363
   5.52500
   5.51654
   5.50832
   5.50038
   5.49279
   5.48559
   5.47885
   5.47262
   5.46697
   5.46195
   5.45762
   5.45401
   5.45118
   5.44916
   5.44797
   5.44765
   5.44819
   5.44960
   5.45188
   5.45501
   5.45895
   5.46369
   5.46916
   5.47533
   5.48213
   5.48951
   5.49740
   5.50574
   5.51445
   5.52346
   5.53272
   5.54214
   5.55168
   5.56126
   5.57084
   5.58036
   5.58978
   5.59906
   5.60815
   5.61704
   5.62568
   5.63407
   5.64218
   5.65000
   5.65752
   5.66473
   5.67163
   5.67822
   5.68451
   5.69049
   5.69617
   5.70156
   5.70666
   5.71149
   5.71606
   5.72036
   5.72442
   5.72825
   5.73185
   5.73524
   5.73842
   5.74141
   5.74422
   5.74685
   5.74932
   5.75163
   5.75380
   5.75583
   5.75774
   5.75952
   5.76118
   5.76274
   5.76420
   5.76556
   5.76683
   5.76802
   5.76914
   5.77017
   5.77114
   5.77205
   5.77289
   5.77368
   5.77442
   5.77511
   5.77575
   5.77634
   5.77690
   5.77742
   5.77790
   5.77835
   5.77877
   5.77916
   5.77952
   5.77986
   5.78018
   5.78047
   5.78074
   5.78099
   5.78123
   5.78144
   5.78164
   5.78183
   5.78200
   5.78216
   5.78231
   5.78244
   5.78256
   5.78268
   5.78278
   5.78287
   5.78296
   5.78303
   5.78310
   5.78316
   5.78321
   5.78325
   5.78329
   5.78331
   5.78333
   5.78333
   5.78333
   5.78331
   5.78329
   5.78324
   5.78318
   5.78311
   5.78301
   5.78289
   5.78274
   5.78257
   5.78235
   5.78209
   5.78178
   5.78142
   5.78098
   5.78047
   5.77986
   5.77914
   5.77829
   5.77729
   5.77611
   5.77473
   5.77309
   5.77117
   5.76891
   5.76625
   5.76313
   5.75946
   5.75517
   5.75014
   5.74425
   5.73737
   5.72934
   5.71998
   5.70911
   5.69649
   5.68190
   5.66507
   5.64574
   5.62363
   5.59846
   5.56999
   5.53801
   5.50231
   5.46280
   5.41950
   5.37257
   5.32232
   5.26928
   5.21417
   5.15793
   5.10171
   5.04682
   4.99470
   4.94685
   4.90475
   4.86978
   4.84316
   4.82584
   4.81848
   4.82138
   4.83447
   4.85733
   4.88921
   4.92907
   4.97568
   5.02765
   5.08356
   5.14202
   5.20175
   5.26163
   5.32076
   5.37846
   5.43427
   5.48787
   5.53896
   5.58695
   5.63030
   5.66508
   5.68211
   5.66228
   5.57496
   5.40544
   5.24045
   5.25495
   5.44825
   5.64572
   5.76209
   5.81289
   5.82912
   5.83024
   5.82568
   5.81958
   5.81363
   5.80840
   5.80401
   5.80043
   5.79753
   5.79520
   5.79332
   5.79181
   5.79058
   5.78959
   5.78878
   5.78812
   5.78757
   5.78711
   5.78672
   5.78640
   5.78613
   5.78589
   5.78569
   5.78552
   5.78537
   5.78523
   5.78512
   5.78502
   5.78493
   5.78485
   5.78478
   5.78471
   5.78466
   5.78461
   5.78456
   5.78452
   5.78448
   5.78445
   5.78444
   5.78446
   5.78447
   5.78448
   5.78449
   5.78450
   5.78451
   5.78452
   5.78452
   5.78453
   5.78454
   5.78454
   5.78455
   5.78455
   5.78456
   5.78456
   5.78456
   5.78457
   5.78457
   5.78457
   5.78458
   5.78458
   5.78458
   5.78458
   5.78459
   5.78459
   5.78459
   5.78459
   5.78460
   5.78460
   5.78460
   5.78460
   5.78460
   5.78460
   5.78461
   5.78461
   5.78461
   5.78461
   5.78461
   5.78461
   5.78461
   5.78461
   5.78461
   5.78461
   5.78461
   5.78461
   5.78461
   5.78461
   5.78460
   5.78460
   5.78460
   5.78459
   5.78459
   5.78458
   5.78458
   5.78457
   5.78456
   5.78455
   5.78454
   5.78453
   5.78451
   5.78449
   5.78447
   5.78445
   5.78443
   5.78440
   5.78436
   5.78433
   5.78428
   5.78424
   5.78418
   5.78412
   5.78405
   5.78397
   5.78388
   5.78378
   5.78367
   5.78354
   5.78339
   5.78322
   5.78304
   5.78282
   5.78258
   5.78231
   5.78201
   5.78166
   5.78127
   5.78083
   5.78033
   5.77977
   5.77914
   5.77842
   5.77761
   5.77670
   5.77567
   5.77451
   5.77320
   5.77173
   5.77007
   5.76820
   5.76610
   5.76374
   5.76108
   5.75810
   5.75475
   5.75099
   5.74678
   5.74207
   5.73681
   5.73094
   5.72439
   5.71712
   5.70904
   5.70009
   5.69021
   5.67932
   5.66737
   5.65429
   5.64002
   5.62454
   5.60782
   5.58985
   5.57066
   5.55030
   5.52884
   5.50642
   5.48320
   5.45939
   5.43523
   5.41103
   5.38713
   5.36388
   5.34168
   5.32095
   5.30208
   5.28546
   5.27147
   5.26040
   5.25252
   5.24802
   5.24701
   5.24950
   5.25545
   5.26470
   5.27704
   5.29218
   5.30980
   5.32950
   5.35090
   5.37358
   5.39715
   5.42122
   5.44543
   5.46946
   5.49305
   5.51594
   5.53796
   5.55895
   5.57881
   5.59747
   5.61489
   5.63106
   5.64600
   5.65973
   5.67230
   5.68376
   5.69418
   5.70362
   5.71214
   5.71982
   5.72672
   5.73291
   5.73844
   5.74339
   5.74779
   5.75170
   5.75517
   5.75823
   5.76093
   5.76331
   5.76538
   5.76719
   5.76875
   5.77008
   5.77121
   5.77215
   5.77291
   5.77351
   5.77395
   5.77424
   5.77439
   5.77440
   5.77428
   5.77401
   5.77360
   5.77305
   5.77235
   5.77148
   5.77046
   5.76925
   5.76785
   5.76624
   5.76440
   5.76231
   5.75996
   5.75730
   5.75432
   5.75097
   5.74723
   5.74306
   5.73840
   5.73321
   5.72744
   5.72103
   5.71393
   5.70606
   5.69736
   5.68776
   5.67718
   5.66555
   5.65278
   5.63880
   5.62353
   5.60691
   5.58886
   5.56932
   5.54827
   5.52567
   5.50151
   5.47582
   5.44863
   5.42004
   5.39016
   5.35915
   5.32721
   5.29457
   5.26152
   5.22839
   5.19552
   5.16330
   5.13213
   5.10242
   5.07460
   5.04905
   5.02616
   5.00627
   4.98967
   4.97662
   4.96729
   4.96181
   4.96022
   4.96251
   4.96860
   4.97835
   4.99157
   5.00800
   5.02737
   5.04937
   5.07366
   5.09990
   5.12772
   5.15679
   5.18675
   5.21729
   5.24810
   5.27889
   5.30941
   5.33943
   5.36875
   5.39722
   5.42471
   5.45108
   5.47625
   5.50015
   5.52277
   5.54406
   5.56405
   5.58273
   5.60015
   5.61634
   5.63135
   5.64523
   5.65804
   5.66983
   5.68069
   5.69066
   5.69981
   5.70820
   5.71589
   5.72295
   5.72943
   5.73538
   5.74085
   5.74590
   5.75058
   5.75493
   5.75900
   5.76283
   5.76647
   5.76995
   5.77333
   5.77665
   5.77995
   5.78329
   5.78672
   5.79029
   5.79407
   5.79811
   5.80250
   5.80731
   5.81260
   5.81846
   5.82492
   5.83200
   5.83961
   5.84750
   5.85510
   5.86127
   5.86393
   5.85953
   5.84272
   5.80714
   5.75001
   5.68167
   5.63181
   5.63190
   5.68200
   5.75071
   5.80827
   5.84430
   5.86158
   5.86643
   5.86425
   5.85859
   5.85154
   5.84423
   5.83725
   5.83086
   5.82514
   5.82011
   5.81572
   5.81191
   5.80861
   5.80577
   5.80332
   5.80121
   5.79940
   5.79784
   5.79650
   5.79535
   5.79436
   5.79352
   5.79280
   5.79218
   5.79166
   5.79122
   5.79084
   5.79053
   5.79027
   5.79006
   5.78988
   5.78974
   5.78963
   5.78954
   5.78947
   5.78942
   5.78938
   5.78936
   5.78934
   5.78932
   5.78931
   5.78930
   5.78929
   5.78928
   5.78926
   5.78924
   5.78921
   5.78917
   5.78913
   5.78908
   5.78902
   5.78897
   5.78892
   5.78886
   5.78880
   5.78872
   5.78863
   5.78854
   5.78843
   5.78832
   5.78821
   5.78809
   5.78796
   5.78784
   5.78770
   5.78757
   5.78744
   5.78731
   5.78718
   5.78704
   5.78692
   5.78679
   5.78667
   5.78655
   5.78643
   5.78632
   5.78621
   5.78610
   5.78600
   5.78590
   5.78581
   5.78572
   5.78563
   5.78555
   5.78548
   5.78540
   5.78534
   5.78527
   5.78521
   5.78515
   5.78510
   5.78504
   5.78499
   5.78495
   5.78490
   5.78486
   5.78483
   5.78479
   5.78475
   5.78472
   5.78471
   5.78470
   5.78470
   5.78470
   5.78470
   5.78470
   5.78470
   5.78469
   5.78469
   5.78469
   5.78469
   5.78469
   5.78468
   5.78468
   5.78468
   5.78468
   5.78467
   5.78467
   5.78467
   5.78466
   5.78466
   5.78466
   5.78465
   5.78465
   5.78465
   5.78464
   5.78464
   5.78463
   5.78463
   5.78462
   5.78462
   5.78461
   5.78461
   5.78460
   5.78460
   5.78459
   5.78463
   5.78472
   5.78483
   5.78497
   5.78515
   5.78537
   5.78564
   5.78599
   5.78644
   5.78702
   5.78776
   5.78872
   5.78998
   5.79164
   5.79385
   5.79678
   5.80072
   5.80598
   5.81301
   5.82227
   5.83405
   5.84793
   5.86108
   5.86416
   5.83186
   5.71073
   5.45092
   5.19043
   5.24765
   5.54188
   5.76060
   5.84770
   5.86512
   5.85728
   5.84330
   5.82987
   5.81881
   5.81022
   5.80372
   5.79885
   5.79520
   5.79246
   5.79038
   5.78880
   5.78758
   5.78663
   5.78589
   5.78530
   5.78482
   5.78443
   5.78411
   5.78383
   5.78360
   5.78340
   5.78322
   5.78305
   5.78294
   5.78286
   5.78278
   5.78270
   5.78261
   5.78252
   5.78242
   5.78233
   5.78222
   5.78212
   5.78200
   5.78189
   5.78176
   5.78164
   5.78150
   5.78139
   5.78129
   5.78118
   5.78108
   5.78097
   5.78086
   5.78075
   5.78064
   5.78053
   5.78042
   5.78031
   5.78020
   5.78009
   5.77998
   5.77987
   5.77977
   5.77967
   5.77957
   5.77948
   5.77939
   5.77931
   5.77924
   5.77917
   5.77912
   5.77907
   5.77903
   5.77900
   5.77898
   5.77896
   5.77896
   5.77896
   5.77896
   5.77897
   5.77898
   5.77898
   5.77898
   5.77897
   5.77894
   5.77888
   5.77884
   5.77881
   5.77875
   5.77866
   5.77854
   5.77839
   5.77821
   5.77801
   5.77779
   5.77757
   5.77737
   5.77722
   5.77715
   5.77723
   5.77753
   5.77816
   5.77924
   5.78095
   5.78354
   5.78732
   5.79269
   5.80005
   5.80973
   5.82143
   5.83290
   5.83615
   5.80808
   5.69322
   5.41365
   5.06365
   5.05863
   5.40456
   5.68503
   5.80007
   5.82718
   5.82251
   5.80954
   5.79645
   5.78557
   5.77722
   5.77110
   5.76683
   5.76404
   5.76243
   5.76177
   5.76192
   5.76274
   5.76415
   5.76607
   5.76846
   5.77125
   5.77438
   5.77779
   5.78141
   5.78511
   5.78878
   5.79224
   5.79531
   5.79776
   5.79938
   5.79999
   5.79947
   5.79782
   5.79526
   5.79227
   5.78949
   5.78762
   5.78719
   5.78838
   5.79099
   5.79445
   5.79806
   5.80118
   5.80336
   5.80439
   5.80424
   5.80304
   5.80098
   5.79828
   5.79516
   5.79179
   5.78832
   5.78489
   5.78156
   5.77841
   5.77548
   5.77278
   5.77034
   5.76815
   5.76621
   5.76451
   5.76303
   5.76176
   5.76068
   5.75977
   5.75900
   5.75835
   5.75780
   5.75732
   5.75689
   5.75647
   5.75604
   5.75555
   5.75498
   5.75426
   5.75335
   5.75218
   5.75068
   5.74875
   5.74628
   5.74315
   5.73918
   5.73421
   5.72798
   5.72023
   5.71063
   5.69878
   5.68423
   5.66644
   5.64480
   5.61862
   5.58711
   5.54948
   5.50487
   5.45246
   5.39156
   5.32164
   5.24249
   5.15433
   5.05796
   4.95480
   4.84698
   4.73730
   4.62912
   4.52621
   4.43246
   4.35166
   4.28719
   4.24185
   4.21763
   4.21561
   4.23591
   4.27765
   4.33904
   4.41746
   4.50964
   4.61187
   4.72026
   4.83104
   4.94076
   5.04650
   5.14605
   5.23788
   5.32117
   5.39572
   5.46185
   5.52028
   5.57208
   5.61860
   5.66137
   5.70190
   5.74085
   5.77489
   5.78492
   5.69536
   5.28258
   4.45560
   4.43258
   5.26574
   5.70470
   5.81079
   5.81471
   5.79632
   5.77642
   5.75933
   5.74522
   5.73340
   5.72317
   5.71396
   5.70538
   5.69715
   5.68909
   5.68106
   5.67297
   5.66478
   5.65646
   5.64800
   5.63941
   5.63070
   5.62190
   5.61306
   5.60422
   5.59544
   5.58678
   5.57834
   5.57020
   5.56238
   5.55497
   5.54805
   5.54170
   5.53598
   5.53098
   5.52674
   5.52334
   5.52080
   5.51917
   5.51846
   5.51869
   5.51984
   5.52192
   5.52488
   5.52869
   5.53330
   5.53865
   5.54468
   5.55131
   5.55847
   5.56607
   5.57405
   5.58231
   5.59078
   5.59940
   5.60808
   5.61677
   5.62541
   5.63393
   5.64230
   5.65048
   5.65843
   5.66612
   5.67353
   5.68064
   5.68744
   5.69392
   5.70008
   5.70591
   5.71142
   5.71662
   5.72150
   5.72607
   5.73036
   5.73436
   5.73809
   5.74155
   5.74477
   5.74775
   5.75050
   5.75303
   5.75537
   5.75751
   5.75946
   5.76125
   5.76286
   5.76433
   5.76564
   5.76680
   5.76783
   5.76873
   5.76950
   5.77015
   5.77067
   5.77108
   5.77136
   5.77153
   5.77157
   5.77149
   5.77129
   5.77096
   5.77049
   5.76988
   5.76912
   5.76821
   5.76712
   5.76586
   5.76441
   5.76275
   5.76087
   5.75874
   5.75636
   5.75371
   5.75075
   5.74746
   5.74382
   5.73979
   5.73534
   5.73046
   5.72509
   5.71922
   5.71280
   5.70581
   5.69821
   5.68998
   5.68109
   5.67152
   5.66125
   5.65027
   5.63859
   5.62621
   5.61317
   5.59949
   5.58524
   5.57047
   5.55530
   5.53982
   5.52416
   5.50847
   5.49295
   5.47780
   5.46317
   5.44926
   5.43630
   5.42448
   5.41401
   5.40507
   5.39783
   5.39244
   5.38901
   5.38762
   5.38833
   5.39116
   5.39608
   5.40305
   5.41200
   5.42283
   5.43545
   5.44973
   5.46558
   5.48290
   5.50160
   5.52161
   5.54288
   5.56532
   5.58880
   5.61303
   5.63747
   5.66111
   5.68229
   5.69847
   5.70654
   5.70387
   5.69095
   5.67440
   5.66646
   5.67738
   5.70631
   5.74217
   5.77321
   5.79373
   5.80387
   5.80642
   5.80446
   5.80035
   5.79562
   5.79110
   5.78722
   5.78410
   5.78173
   5.78005
   5.77893
   5.77827
   5.77798
   5.77795
   5.77813
   5.77846
   5.77889
   5.77938
   5.77990
   5.78044
   5.78098
   5.78150
   5.78199
   5.78245
   5.78287
   5.78324
   5.78356
   5.78383
   5.78404
   5.78420
   5.78429
   5.78433
   5.78433
   5.78430
   5.78420
   5.78403
   5.78381
   5.78352
   5.78318
   5.78278
   5.78233
   5.78183
   5.78127
   5.78067
   5.78002
   5.77932
   5.77858
   5.77778
   5.77693
   5.77603
   5.77508
   5.77406
   5.77298
   5.77184
   5.77063
   5.76934
   5.76797
   5.76652
   5.76498
   5.76333
   5.76158
   5.75973
   5.75775
   5.75565
   5.75341
   5.75104
   5.74851
   5.74584
   5.74302
   5.74005
   5.73690
   5.73357
   5.73004
   5.72632
   5.72241
   5.71829
   5.71396
   5.70943
   5.70470
   5.69977
   5.69464
   5.68932
   5.68383
   5.67816
   5.67235
   5.66640
   5.66034
   5.65418
   5.64796
   5.64171
   5.63545
   5.62923
   5.62308
   5.61704
   5.61115
   5.60545
   5.59999
   5.59480
   5.58993
   5.58542
   5.58129
   5.57759
   5.57434
   5.57157
   5.56929
   5.56751
   5.56625
   5.56550
   5.56524
   5.56548
   5.56617
   5.56730
   5.56884
   5.57073
   5.57293
   5.57540
   5.57808
   5.58091
   5.58384
   5.58680
   5.58972
   5.59256
   5.59524
   5.59770
   5.59989
   5.60174
   5.60321
   5.60424
   5.60477
   5.60477
   5.60420
   5.60301
   5.60117
   5.59866
   5.59546
   5.59156
   5.58694
   5.58162
   5.57560
   5.56891
   5.56158
