  69.38806
  69.38806
  69.38806
  69.38805
  69.38805
  69.38805
  69.38805
  69.38805
  69.38805
  69.38804
  69.38804
  69.38804
  69.38804
  69.38803
  69.38803
  69.38802
  69.38802
  69.38801
  69.38800
  69.38800
  69.38799
  69.38798
  69.38796
  69.38795
  69.38794
  69.38792
  69.38790
  69.38787
  69.38785
  69.38782
  69.38778
  69.38774
  69.38769
  69.38764
  69.38758
  69.38750
  69.38742
  69.38732
  69.38721
  69.38708
  69.38692
  69.38675
  69.38654
  69.38630
  69.38602
  69.38570
  69.38532
  69.38488
  69.38437
  69.38377
  69.38307
  69.38226
  69.38131
  69.38020
  69.37890
  69.37739
  69.37562
  69.37356
  69.37114
  69.36832
  69.36502
  69.36116
  69.35665
  69.35137
  69.34519
  69.33797
  69.32953
  69.31965
  69.30810
  69.29459
  69.27879
  69.26032
  69.23874
  69.21353
  69.18407
  69.14969
  69.10957
  69.06280
  69.00829
  68.94485
  68.87107
  68.78539
  68.68604
  68.57103
  68.43816
  68.28546
  68.10844
  67.90555
  67.67386
  67.41037
  67.11215
  66.77644
  66.40087
  65.98365
  65.52379
  65.02139
  64.47787
  63.89614
  63.28075
  62.63780
  61.97472
  61.29971
  60.62099
  59.94590
  59.28068
  58.63363
  58.03124
  57.58147
  57.70774
  59.95400
  68.42861
  77.68626
  66.77992
  59.97019
  58.56646
  58.84328
  59.53743
  60.30524
  61.05846
  61.77565
  62.45138
  63.08320
  63.66893
  64.20650
  64.69435
  65.13164
  65.51839
  65.85544
  66.14429
  66.38695
  66.58579
  66.74338
  66.86232
  66.94520
  66.99447
  67.01245
  67.00125
  66.96297
  66.89822
  66.80970
  66.69885
  66.56698
  66.41535
  66.24520
  66.05775
  65.85428
  65.63613
  65.40474
  65.16167
  64.90863
  64.64747
  64.38018
  64.10890
  63.83592
  63.56360
  63.29441
  63.03084
  62.77536
  62.53042
  62.29834
  62.08130
  61.88128
  61.70003
  61.53902
  61.39940
  61.28204
  61.18745
  61.11580
  61.06694
  61.04041
  61.03545
  61.05103
  61.08585
  61.13844
  61.20713
  61.29009
  61.38541
  61.49108
  61.60505
  61.72527
  61.84970
  61.97634
  62.10330
  62.22876
  62.35105
  62.46862
  62.58012
  62.68436
  62.78032
  62.86721
  62.94440
  63.01148
  63.06822
  63.11456
  63.15061
  63.17663
  63.19304
  63.20034
  63.19914
  63.19016
  63.17414
  63.15187
  63.12419
  63.09191
  63.05586
  63.01683
  62.97560
  62.93288
  62.88935
  62.84563
  62.80229
  62.75983
  62.71869
  62.67927
  62.64190
  62.60686
  62.57439
  62.54470
  62.51793
  62.49421
  62.47366
  62.45634
  62.44232
  62.43165
  62.42437
  62.42050
  62.42008
  62.42313
  62.42967
  62.43972
  62.45330
  62.47045
  62.49120
  62.51557
  62.54360
  62.57532
  62.61077
  62.64998
  62.69300
  62.73986
  62.79059
  62.84521
  62.90374
  62.96621
  63.03261
  63.10293
  63.17717
  63.25528
  63.33722
  63.42294
  63.51235
  63.60537
  63.70187
  63.80173
  63.90481
  64.01095
  64.11995
  64.23163
  64.34578
  64.46217
  64.58057
  64.70072
  64.82238
  64.94528
  65.06915
  65.19373
  65.31873
  65.44389
  65.56894
  65.69362
  65.81768
  65.94085
  66.06292
  66.18364
  66.30281
  66.42022
  66.53570
  66.64906
  66.76016
  66.86886
  66.97503
  67.07856
  67.17938
  67.27739
  67.37255
  67.46480
  67.55411
  67.64046
  67.72385
  67.80428
  67.88176
  67.95632
  68.02798
  68.09680
  68.16282
  68.22610
  68.28668
  68.34464
  68.40004
  68.45296
  68.50346
  68.55163
  68.59753
  68.64125
  68.68287
  68.72245
  68.76009
  68.79585
  68.82981
  68.86205
  68.89264
  68.92165
  68.94916
  68.97522
  68.99991
  69.02328
  69.04541
  69.06636
  69.08617
  69.10491
  69.12263
  69.13937
  69.15520
  69.17015
  69.18428
  69.19762
  69.21022
  69.22211
  69.23334
  69.24393
  69.25393
  69.26336
  69.27226
  69.28065
  69.28857
  69.29603
  69.30307
  69.30970
  69.31596
  69.32186
  69.32742
  69.33266
  69.33759
  69.34225
  69.34663
  69.35076
  69.35465
  69.35832
  69.36178
  69.36503
  69.36810
  69.37098
  69.37371
  69.37627
  69.37868
  69.38095
  69.38309
  69.38511
  69.38701
  69.38880
  69.39048
  69.39207
  69.39356
  69.39497
  69.39629
  69.39754
  69.39871
  69.39982
  69.40086
  69.40184
  69.40276
  69.40363
  69.40445
  69.40522
  69.40594
  69.40663
  69.40727
  69.40788
  69.40845
  69.40898
  69.40949
  69.40996
  69.41041
  69.41083
  69.41123
  69.41160
  69.41196
  69.41229
  69.41260
  69.41289
  69.41317
  69.41343
  69.41368
  69.41391
  69.41412
  69.41433
  69.41452
  69.41470
  69.41487
  69.41503
  69.41519
  69.41533
  69.41546
  69.41559
  69.41571
  69.41582
  69.41593
  69.41602
  69.41612
  69.41621
  69.41629
  69.41637
  69.41644
  69.41651
  69.41657
  69.41664
  69.41669
  69.41675
  69.41680
  69.41685
  69.41689
  69.41694
  69.41698
  69.41701
  69.41705
  69.41708
  69.41712
  69.41714
  69.41717
  69.41720
  69.41722
  69.41725
  69.41727
  69.41729
  69.41731
  69.41733
  69.41735
  69.41736
  69.41738
  69.41739
  69.41741
  69.41742
  69.41743
  69.41744
  69.41745
  69.41746
  69.41747
  69.41748
  69.41749
  69.41750
  69.41751
  69.41751
  69.41752
  69.41753
  69.41753
  69.41754
  69.41754
  69.41755
  69.41755
  69.41756
  69.41756
  69.41756
  69.41757
  69.41757
  69.41757
  69.41758
  69.41758
  69.41758
  69.41758
  69.41759
  69.41759
  69.41759
  69.41759
  69.41760
  69.41760
  69.41760
  69.41760
  69.41760
  69.41760
  69.41760
  69.41761
  69.41761
  69.41761
  69.41761
  69.41761
  69.41761
  69.41761
  69.41761
  69.41761
  69.41761
  69.41761
  69.41762
  69.41762
  69.41762
  69.41762
  69.41762
  69.41762
  69.41762
  69.41762
  69.41762
  69.41762
  69.41762
  69.41762
  69.41762
  69.41762
  69.41762
  69.41762
  69.41762
  69.41762
  69.41762
  69.41762
  69.41762
  69.41762
  69.41762
  69.41762
  69.41762
  69.41762
  69.41762
  69.41762
  69.41762
  69.41762
  69.41762
  69.41762
  69.41762
  69.41762
  69.41762
  69.41762
  69.41762
  69.41762
  69.41762
  69.41762
  69.41762
  69.41762
  69.41762
  69.41762
  69.41762
  69.41762
  69.41762
  69.41762
  69.41762
  69.41762
  69.41762
  69.41762
  69.41762
  69.41762
  69.41762
  69.41762
  69.41762
  69.41762
  69.41762
  69.41762
  69.41762
  69.41762
  69.41762
  69.41762
  69.41762
  69.41762
  69.41765
  69.41755
  69.41745
  69.41734
  69.41724
  69.41713
  69.41702
  69.41691
  69.41680
  69.41668
  69.41657
  69.41645
  69.41633
  69.41621
  69.41609
  69.41597
  69.41584
  69.41571
  69.41559
  69.41546
  69.41532
  69.41519
  69.41506
  69.41492
  69.41478
  69.41464
  69.41450
  69.41436
  69.41422
  69.41407
  69.41392
  69.41378
  69.41363
  69.41347
  69.41332
  69.41317
  69.41301
  69.41286
  69.41270
  69.41254
  69.41238
  69.41222
  69.41206
  69.41190
  69.41174
  69.41157
  69.41141
  69.41124
  69.41108
  69.41091
  69.41074
  69.41057
  69.41041
  69.41024
  69.41007
  69.40990
  69.40973
  69.40956
  69.40939
  69.40922
  69.40906
  69.40889
  69.40872
  69.40855
  69.40839
  69.40822
  69.40806
  69.40789
  69.40773
  69.40757
  69.40741
  69.40725
  69.40709
  69.40693
  69.40678
  69.40662
  69.40647
  69.40632
  69.40617
  69.40603
  69.40588
  69.40574
  69.40560
  69.40547
  69.40534
  69.40520
  69.40508
  69.40495
  69.40483
  69.40471
  69.40460
  69.40448
  69.40438
  69.40427
  69.40417
  69.40407
  69.40398
  69.40389
  69.40380
  69.40372
  69.40364
  69.40357
  69.40350
  69.40343
  69.40337
  69.40332
  69.40326
  69.40322
  69.40317
  69.40313
  69.40310
  69.40307
  69.40305
  69.40303
  69.40301
  69.40300
  69.40300
  69.40299
  69.40300
  69.40301
  69.40302
  69.40304
  69.40306
  69.40309
  69.40312
  69.40316
  69.40320
  69.40324
  69.40329
  69.40335
  69.40341
  69.40347
  69.40354
  69.40361
  69.40368
  69.40376
  69.40385
  69.40394
  69.40403
  69.40413
  69.40422
  69.40433
  69.40443
  69.40454
  69.40466
  69.40478
  69.40490
  69.40502
  69.40514
  69.40527
  69.40540
  69.40554
  69.40568
  69.40582
  69.40596
  69.40610
  69.40625
  69.40639
  69.40654
  69.40670
  69.40685
  69.40701
  69.40716
  69.40732
  69.40748
  69.40764
  69.40780
  69.40796
  69.40813
  69.40829
  69.40846
  69.40862
  69.40879
  69.40895
  69.40912
  69.40929
  69.40945
  69.40962
  69.40978
  69.40995
  69.41012
  69.41028
  69.41045
  69.41061
  69.41078
  69.41094
  69.41110
  69.41127
  69.41143
  69.41159
  69.41175
  69.41190
  69.41206
  69.41222
  69.41237
  69.41252
  69.41267
  69.41282
  69.41297
  69.41312
  69.41326
  69.41340
  69.41354
  69.41368
  69.41382
  69.41395
  69.41408
  69.41421
  69.41433
  69.41446
  69.41457
  69.41469
  69.41480
  69.41490
  69.41500
  69.41509
  69.41517
  69.41524
  69.41530
  69.41535
  69.41538
  69.41540
  69.41539
  69.41535
  69.41528
  69.41517
  69.41502
  69.41480
  69.41451
  69.41414
  69.41366
  69.41304
  69.41227
  69.41130
  69.41004
  69.40844
  69.40648
  69.40408
  69.40113
  69.39751
  69.39308
  69.38764
  69.38097
  69.37278
  69.36273
  69.35039
  69.33525
  69.31666
  69.29387
  69.26590
  69.23161
  69.18959
  69.13812
  69.07512
  68.99808
  68.90400
  68.78925
  68.64954
  68.47982
  68.27417
  68.02578
  67.72694
  67.36907
  66.94290
  66.43881
  65.84730
  65.15976
  64.36942
  63.47263
  62.47021
  61.36888
  60.18245
  58.93260
  57.64892
  56.36805
  55.13198
  53.98547
  52.97316
  52.13643
  51.51062
  51.12265
  50.98941
  51.11670
  51.49891
  52.11938
  52.95131
  53.95952
  55.10270
  56.33625
  57.61536
  58.89797
  60.14731
  61.33365
  62.43515
  63.43785
  64.33490
  65.12538
  65.81286
  66.40405
  66.90752
  67.33276
  67.68937
  67.98663
  68.23309
  68.43658
  68.60330
  68.73966
  68.85069
  68.94069
  69.01326
  69.07140
  69.11759
  69.15389
  69.18199
  69.20326
  69.21883
  69.22960
  69.23630
  69.23951
  69.23969
  69.23718
  69.23227
  69.22513
  69.21591
  69.20468
  69.19148
  69.17629
  69.15907
  69.13975
  69.11822
  69.09435
  69.06797
  69.03892
  69.00697
  68.97190
  68.93346
  68.89138
  68.84537
  68.79510
  68.74026
  68.68050
  68.61536
  68.54428
  68.46717
  68.38368
  68.29343
  68.19606
  68.09123
  67.97865
  67.85805
  67.72925
  67.59213
  67.44666
  67.29295
  67.13123
  66.96186
  66.78542
  66.60264
  66.41446
  66.22203
  66.02673
  65.83013
  65.63400
  65.44028
  65.25109
  65.06861
  64.89512
  64.73286
  64.58404
  64.45075
  64.33487
  64.23805
  64.16161
  64.10656
  64.07347
  64.06255
  64.07358
  64.10593
  64.15861
  64.23027
  64.31928
  64.42377
  64.54171
  64.67095
  64.80929
  64.95457
  65.10468
  65.25764
  65.41161
  65.56494
  65.71618
  65.86409
  66.00763
  66.14599
  66.27851
  66.40477
  66.52445
  66.63742
  66.74366
  66.84324
  66.93633
  67.02317
  67.10403
  67.17924
  67.24920
  67.31373
  67.37363
  67.42926
  67.48095
  67.52903
  67.57382
  67.61559
  67.65463
  67.69117
  67.72544
  67.75762
  67.78790
  67.81643
  67.84334
  67.86874
  67.89273
  67.91538
  67.93675
  67.95688
  67.97582
  67.99357
  68.01015
  68.02554
  68.03974
  68.05272
  68.06442
  68.07482
  68.08384
  68.09140
  68.09742
  68.10178
  68.10434
  68.10496
  68.10345
  68.09957
  68.09308
  68.08365
  68.07092
  68.05444
  68.03369
  68.00807
  67.97687
  67.93929
  67.89446
  67.84147
  67.77952
  67.70815
  67.62776
  67.54058
  67.45259
  67.37713
  67.34151
  67.39814
  67.63955
  68.20345
  69.21203
  70.53614
  71.48936
  71.27085
  70.09321
  68.84760
  68.01470
  67.59570
  67.44758
  67.44681
  67.51659
  67.61486
  67.72026
  67.82262
  67.91759
  68.00377
  68.08119
  68.15049
  68.21255
  68.26831
  68.31863
  68.36431
  68.40602
  68.44436
  68.47983
  68.51285
  68.54377
  68.57290
  68.60047
  68.62669
  68.65175
  68.67577
  68.69887
  68.72117
  68.74273
  68.76362
  68.78391
  68.80362
  68.82281
  68.84150
  68.85971
  68.87747
  68.89479
  68.91170
  68.92818
  68.94427
  68.95996
  68.97527
  68.99019
  69.00473
  69.01890
  69.03270
  69.04614
  69.05922
  69.07194
  69.08431
  69.09633
  69.10801
  69.11934
  69.13035
  69.14103
  69.15143
  69.16110
  69.17048
  69.17959
  69.18842
  69.19697
  69.20525
  69.21327
  69.22103
  69.22854
  69.23579
  69.24280
  69.24958
  69.25612
  69.26243
  69.26852
  69.27440
  69.28006
  69.28552
  69.29079
  69.29586
  69.30074
  69.30545
  69.30997
  69.31433
  69.31852
  69.32256
  69.32644
  69.33017
  69.33375
  69.33720
  69.34051
  69.34370
  69.34676
  69.34969
  69.35252
  69.35522
  69.35783
  69.36032
  69.36272
  69.36502
  69.36723
  69.36935
  69.37138
  69.37333
  69.37520
  69.37699
  69.37871
  69.38036
  69.38194
  69.38346
  69.38491
  69.38630
  69.38764
  69.38892
  69.39014
  69.39132
  69.39244
  69.39352
  69.39455
  69.39554
  69.39649
  69.39739
  69.39826
  69.39909
  69.39989
  69.40065
  69.40138
  69.40207
  69.40274
  69.40338
  69.40398
  69.40456
  69.40512
  69.40565
  69.40616
  69.40664
  69.40710
  69.40754
  69.40795
  69.40835
  69.40873
  69.40909
  69.40942
  69.40975
  69.41005
  69.41034
  69.41061
  69.41086
  69.41109
  69.41132
  69.41152
  69.41171
  69.41188
  69.41204
  69.41218
  69.41231
  69.41242
  69.41251
  69.41259
  69.41265
  69.41269
  69.41225
  69.41167
  69.41100
  69.41024
  69.40937
  69.40838
  69.40725
  69.40596
  69.40450
  69.40284
  69.40096
  69.39882
  69.39638
  69.39360
  69.39044
  69.38683
  69.38270
  69.37797
  69.37255
  69.36632
  69.35914
  69.35085
  69.34126
  69.33015
  69.31724
  69.30221
  69.28467
  69.26418
  69.24019
  69.21206
  69.17904
  69.14028
  69.09481
  69.04155
  68.97941
  68.90740
  68.82489
  68.73212
  68.63115
  68.52756
  68.43353
  68.37288
  68.38861
  68.55077
  68.95260
  69.66075
  70.57273
  71.26795
  71.24186
  70.51072
  69.58892
  68.88236
  68.48099
  68.31443
  68.28989
  68.33864
  68.41868
  68.50682
  68.59123
  68.66644
  68.73042
  68.78290
  68.82444
  68.85593
  68.87839
  68.89275
  68.89988
  68.90053
  68.89532
  68.88477
  68.86931
  68.84927
  68.82493
  68.79648
  68.76409
  68.72789
  68.68796
  68.64439
  68.59723
  68.54655
  68.49238
  68.43480
  68.37387
  68.30968
  68.24235
  68.17201
  68.09882
  68.02300
  67.94477
  67.86444
  67.78233
  67.69881
  67.61431
  67.52930
  67.44428
  67.35982
  67.27639
  67.19434
  67.11473
  67.03819
  66.96537
  66.89689
  66.83335
  66.77531
  66.72329
  66.67771
  66.63893
  66.60721
  66.58270
  66.56544
  66.55531
  66.55209
  66.55541
  66.56474
  66.57941
  66.59862
  66.62138
  66.64659
  66.67296
  66.69909
  66.72339
  66.74413
  66.75943
  66.76722
  66.76529
  66.75124
  66.72250
  66.67631
  66.60976
  66.51979
  66.40324
  66.25685
  66.07741
  65.86183
  65.60730
  65.31146
  64.97264
  64.59012
  64.16443
  63.69762
  63.19358
  62.65823
  62.09967
  61.52822
  60.95622
  60.39775
  59.86810
  59.38311
  58.95840
  58.60852
  58.34618
  58.18141
  58.12107
  58.16833
  58.32257
  58.57936
  58.93076
  59.36584
  59.87128
  60.43221
  61.03301
  61.65813
  62.29284
  62.92383
  63.53962
  64.13087
  64.69040
  65.21315
  65.69600
  66.13754
  66.53769
  66.89752
  67.21885
  67.50409
  67.75596
  67.97735
  68.17119
  68.34032
  68.48746
  68.61516
  68.72574
  68.82132
  68.90380
  68.97489
  69.03609
  69.08872
  69.13394
  69.17277
  69.20608
  69.23465
  69.25912
  69.28008
  69.29801
  69.31333
  69.32641
  69.33757
  69.34706
  69.35513
  69.36195
  69.36771
  69.37255
  69.37658
  69.37991
  69.38263
  69.38481
  69.38653
  69.38782
  69.38873
  69.38931
  69.38959
  69.38958
  69.38931
  69.38880
  69.38806
  69.38710
  69.38592
  69.38453
  69.38293
  69.38112
  69.37909
  69.37685
  69.37439
  69.37169
  69.36876
  69.36557
  69.36213
  69.35840
  69.35439
  69.35006
  69.34541
  69.34042
  69.33506
  69.32931
  69.32314
  69.31654
  69.30948
  69.30192
  69.29383
  69.28519
  69.27596
  69.26609
  69.25557
  69.24434
  69.23236
  69.21959
  69.20599
  69.19150
  69.17609
  69.15970
  69.14228
  69.12377
  69.10413
  69.08330
  69.06123
  69.03786
  69.01314
  68.98702
  68.95944
  68.93037
  68.89975
  68.86754
  68.83371
  68.79823
  68.76107
  68.72222
  68.68168
  68.63944
  68.59554
  68.54999
  68.50284
  68.45417
  68.40404
  68.35256
  68.29984
  68.24603
  68.19129
  68.13581
  68.07978
  68.02345
  67.96706
  67.91089
  67.85522
  67.80036
  67.74664
  67.69440
  67.64397
  67.59570
  67.54995
  67.50704
  67.46722
  67.43079
  67.39814
  67.36955
  67.34527
  67.32550
  67.31041
  67.30013
  67.29475
  67.29431
  67.29879
  67.30816
  67.32230
  67.34108
  67.36431
  67.39178
  67.42322
  67.45836
  67.49688
  67.53845
  67.58273
  67.62935
  67.67795
  67.72818
  67.77966
  67.83205
  67.88499
  67.93817
  67.99125
  68.04396
  68.09600
  68.14712
  68.19707
  68.24564
  68.29262
  68.33783
  68.38110
  68.42229
  68.46124
  68.49783
  68.53194
  68.56345
  68.59226
  68.61825
  68.64131
  68.66132
  68.67816
  68.69168
  68.70173
  68.70814
  68.71072
  68.70924
  68.70348
  68.69315
  68.67795
  68.65755
  68.63157
  68.59963
  68.56128
  68.51606
  68.46339
  68.40256
  68.33329
  68.25502
  68.16722
  68.06933
  67.96087
  67.84136
  67.71044
  67.56780
  67.41330
  67.24692
  67.06887
  66.87956
  66.67969
  66.47022
  66.25246
  66.02805
  65.79898
  65.56760
  65.33657
  65.10885
  64.88763
  64.67627
  64.47823
  64.29690
  64.13556
  63.99725
  63.88461
  63.79984
  63.74457
  63.71980
  63.72587
  63.76239
  63.82836
  63.92208
  64.04132
  64.18335
  64.34505
  64.52307
  64.71384
  64.91382
  65.11946
  65.32741
  65.53451
  65.73790
  65.93503
  66.12367
  66.30195
  66.46833
  66.62160
  66.76081
  66.88531
  66.99466
  67.08863
  67.16715
  67.23030
  67.27827
  67.31136
  67.32994
  67.33446
  67.32543
  67.30341
  67.26903
  67.22298
  67.16601
  67.09895
  67.02269
  66.93822
  66.84662
  66.74904
  66.64674
  66.54107
  66.43345
  66.32540
  66.21848
  66.11429
  66.01445
  65.92057
  65.83422
  65.75689
  65.68998
  65.63472
  65.59219
  65.56328
  65.54862
  65.54865
  65.56354
  65.59320
  65.63731
  65.69532
  65.76646
  65.84978
  65.94416
  66.04838
  66.16110
  66.28094
  66.40625
  66.53585
  66.66846
  66.80280
  66.93767
  67.07197
  67.20472
  67.33504
  67.46220
  67.58555
  67.70460
  67.81893
  67.92825
  68.03235
  68.13110
  68.22447
  68.31245
  68.39512
  68.47259
  68.54499
  68.61252
  68.67536
  68.73373
  68.78784
  68.83793
  68.88423
  68.92695
  68.96634
  69.00259
  69.03594
  69.06657
  69.09469
  69.12048
  69.14411
  69.16575
  69.18555
  69.20366
  69.22021
  69.23532
  69.24912
  69.26171
  69.27320
  69.28366
  69.29320
  69.30162
  69.30922
  69.31610
  69.32232
  69.32794
  69.33300
  69.33756
  69.34166
  69.34534
  69.34864
  69.35159
  69.35422
  69.35657
  69.35866
  69.36052
  69.36217
  69.36362
  69.36491
  69.36605
  69.36705
  69.36794
  69.36873
  69.36942
  69.37004
  69.37059
  69.37108
  69.37153
  69.37195
  69.37233
  69.37270
  69.37305
  69.37338
  69.37372
  69.37405
  69.37438
  69.37472
  69.37506
  69.37541
  69.37578
  69.37615
  69.37653
  69.37692
  69.37733
  69.37774
  69.37816
  69.37858
  69.37901
  69.37944
  69.37988
  69.38031
  69.38075
  69.38117
  69.38160
  69.38201
  69.38241
  69.38280
  69.38317
  69.38353
  69.38386
  69.38416
  69.38442
  69.38465
  69.38483
  69.38495
  69.38494
  69.38463
  69.38423
  69.38372
  69.38308
  69.38227
  69.38125
  69.37998
  69.37839
  69.37642
  69.37397
  69.37094
  69.36718
  69.36254
  69.35681
  69.34974
  69.34102
  69.33027
  69.31704
  69.30077
  69.28075
  69.25615
  69.22594
  69.18886
  69.14288
  69.08661
  69.01778
  68.93368
  68.83105
  68.70601
  68.55396
  68.36949
  68.14634
  67.87730
  67.55432
  67.16850
  66.71041
  66.17041
  65.53927
  64.80901
  63.97401
  63.03225
  61.98678
  60.84703
  59.62988
  58.36012
  57.07017
  55.79883
  54.58924
  53.48610
  52.53265
  51.76764
  51.22272
  50.92031
  50.87222
  51.07892
  51.52940
  52.20181
  53.06468
  54.07888
  55.20018
  56.38238
  57.58064
  58.75505
  59.87428
  60.91995
  61.89314
  62.82558
  63.79913
  64.97082
  66.56471
  68.67919
  70.73440
  71.39634
  70.38790
  68.99402
  68.09588
  67.73677
  67.70669
  67.83259
  68.01477
  68.20529
  68.38280
  68.53947
  68.67381
  68.78704
  68.88141
  68.95936
  69.02315
  69.07475
  69.11571
  69.14725
  69.17015
  69.18484
  69.19128
  69.18898
  69.17689
  69.15324
  69.11549
  69.06010
  68.98262
  68.87818
  68.74356
  68.58321
  68.42610
  68.37027
  68.69204
  70.05136
  73.42413
  77.57709
  76.62590
  72.22183
  69.50387
  68.54796
  68.38705
  68.49541
  68.66551
  68.82685
  68.96055
  69.06564
  69.14639
  69.20792
  69.25475
  69.28985
  69.31685
  69.33764
  69.35375
  69.36632
  69.37620
  69.38403
  69.39028
  69.39529
  69.39936
  69.40267
  69.40539
  69.40764
  69.40951
  69.41108
  69.41240
  69.41352
  69.41391
  69.41405
  69.41419
  69.41433
  69.41446
  69.41459
  69.41472
  69.41485
  69.41497
  69.41509
  69.41521
  69.41533
  69.41545
  69.41556
  69.41567
  69.41578
  69.41589
  69.41600
  69.41610
  69.41578
  69.41543
  69.41504
  69.41459
  69.41410
  69.41343
  69.41272
  69.41194
  69.41109
  69.41015
  69.40911
  69.40797
  69.40671
  69.40531
  69.40376
  69.40204
  69.39977
  69.39735
  69.39467
  69.39168
  69.38835
  69.38467
  69.38057
  69.37600
  69.37091
  69.36521
  69.35882
  69.35164
  69.34355
  69.33441
  69.32408
  69.31235
  69.29902
  69.28382
  69.26645
  69.24657
  69.22376
  69.19753
  69.16733
  69.13251
  69.09234
  69.04601
  68.99265
  68.93142
  68.86164
  68.78306
  68.69641
  68.60437
  68.51349
  68.43747
  68.40294
  68.45831
  68.68349
  69.18650
  70.04294
  71.11548
  71.87197
  71.73018
  70.81124
  69.76385
  69.00812
  68.59547
  68.42867
  68.40528
  68.45509
  68.53695
  68.62868
  68.71907
  68.80294
  68.87830
  68.94476
  69.00273
  69.05297
  69.09631
  69.13362
  69.16566
  69.19315
  69.21669
  69.23681
  69.25396
  69.26854
  69.28085
  69.29119
  69.29977
  69.30680
  69.31244
  69.31681
  69.32004
  69.32216
  69.32307
  69.32307
  69.32221
  69.32050
  69.31799
  69.31468
  69.31058
  69.30570
  69.30001
  69.29352
  69.28621
  69.27806
  69.26904
  69.25913
  69.24829
  69.23651
  69.22374
  69.20997
  69.19516
  69.17928
  69.16232
  69.14425
  69.12506
  69.10475
  69.08332
  69.06028
  69.03629
  69.01129
  68.98533
  68.95847
  68.93081
  68.90245
  68.87352
  68.84415
  68.81453
  68.78484
  68.75529
  68.72611
  68.69754
  68.66983
  68.64322
  68.61797
  68.59430
  68.57243
  68.55251
  68.53469
  68.51904
  68.50559
  68.49432
  68.48515
  68.47800
  68.47276
  68.46931
  68.46758
  68.46752
  68.46914
  68.47248
  68.47761
  68.48465
  68.49371
  68.50487
  68.51821
  68.53375
  68.55145
  68.57125
  68.59300
  68.61654
  68.64166
  68.66813
  68.69570
  68.72413
  68.75315
  68.78254
  68.81207
  68.84152
  68.87070
  68.89946
  68.92763
  68.95509
  68.98174
  69.00749
  69.03228
  69.05604
  69.07875
  69.10039
  69.12094
  69.14040
  69.15878
  69.17610
  69.19239
  69.20768
  69.22199
  69.23536
  69.24784
  69.25946
  69.27026
  69.28030
  69.28960
  69.29820
  69.30616
  69.31351
  69.32028
  69.32652
  69.33225
  69.33751
  69.34233
  69.34674
  69.35077
  69.35444
  69.35778
  69.36081
  69.36355
  69.36602
  69.36824
  69.37022
  69.37199
  69.37354
  69.37491
  69.37610
  69.37711
  69.37797
  69.37867
  69.37923
  69.37966
  69.37996
  69.38014
  69.38020
  69.38015
  69.37999
  69.37973
  69.37937
  69.37891
  69.37836
  69.37771
  69.37698
  69.37616
  69.37525
  69.37425
  69.37317
  69.37200
  69.37075
  69.36942
  69.36787
  69.36606
  69.36418
  69.36223
  69.36021
  69.35812
  69.35596
  69.35372
  69.35140
  69.34900
  69.34652
  69.34395
  69.34129
  69.33855
  69.33587
  69.33254
  69.32907
  69.32546
  69.32171
  69.31781
  69.31376
  69.30954
  69.30516
  69.30060
  69.29586
  69.29092
  69.28579
  69.28044
  69.27488
  69.26910
  69.26307
  69.25679
  69.25026
  69.24345
  69.23636
  69.22897
  69.22128
  69.21326
  69.20490
  69.19620
  69.18713
  69.17769
  69.16785
  69.15760
  69.14694
  69.13585
  69.12432
  69.11233
  69.09989
  69.08698
  69.07360
  69.05976
  69.04545
  69.03069
  69.01548
  68.99985
  68.98382
  68.96742
  68.95069
  68.93366
  68.91640
  68.89896
  68.88139
  68.86378
  68.84620
  68.82874
  68.81146
  68.79448
  68.77787
  68.76172
  68.74613
  68.73118
  68.71695
  68.70352
  68.69095
  68.67930
  68.66863
  68.65897
  68.65035
  68.64279
  68.63629
  68.63084
  68.62644
  68.62304
  68.62061
  68.61912
  68.61851
  68.61872
  68.61971
  68.62139
  68.62373
  68.62664
  68.63008
  68.63399
  68.63832
  68.64301
  68.64802
  68.65333
  68.65888
  68.66466
  68.67063
  68.67679
  68.68312
  68.68960
  68.69624
  68.70301
  68.70993
  68.71699
  68.72418
  68.73152
  68.73901
  68.74664
  68.75441
  68.76234
  68.77041
  68.77863
  68.78700
  68.79552
  68.80418
  68.81297
  68.82190
  68.83096
  68.84014
  68.84943
  68.85882
  68.86831
  68.87788
  68.88753
  68.89723
  68.90699
  68.91679
  68.92661
  68.93645
  68.94629
  68.95612
  68.96593
  68.97570
  68.98543
  68.99510
  69.00469
  69.01421
  69.02362
  69.03228
  69.04086
  69.04934
  69.05768
  69.06588
  69.07393
  69.08182
  69.08953
  69.09705
  69.10438
  69.11149
  69.11839
  69.12506
  69.13148
  69.13766
  69.14357
  69.14922
  69.15433
  69.15920
  69.16377
  69.16801
  69.17192
  69.17547
  69.17866
  69.18148
  69.18389
  69.18590
  69.18747
  69.18860
  69.18925
  69.18940
  69.18904
  69.18812
  69.18663
  69.18452
  69.18178
  69.17835
  69.17419
  69.16927
  69.16352
  69.15691
  69.14937
  69.14084
  69.13124
  69.12052
  69.10857
  69.09533
  69.08068
  69.06453
  69.04676
  69.02725
  69.00586
  68.98244
  68.95684
  68.92889
  68.89838
  68.86512
  68.82887
  68.78941
  68.74645
  68.69971
  68.64888
  68.59362
  68.53357
  68.46833
  68.39750
  68.32064
  68.23731
  68.14707
  68.04949
  67.94424
  67.83110
  67.71009
  67.58163
  67.44681
  67.30778
  67.16835
  67.03486
  66.91735
  66.83076
  66.79558
  66.83593
  66.97144
  67.19860
  67.46409
  67.65390
  67.63818
  67.36470
  66.90490
  66.39273
  65.93434
  65.57411
  65.31087
  65.12414
  64.99087
  64.89228
  64.81511
  64.75083
  64.69435
  64.64295
  64.59540
  64.55140
  64.51121
  64.47540
  64.44464
  64.41966
  64.40113
  64.38967
  64.38578
  64.38985
  64.40213
  64.42279
  64.45185
  64.48924
  64.53476
  64.58817
  64.64911
  64.71718
  64.79191
  64.87278
  64.95927
  65.05081
  65.14682
  65.24671
  65.34991
  65.45583
  65.56390
  65.67359
  65.78436
  65.89569
  66.00712
  66.11817
  66.22843
  66.33750
  66.44500
  66.55061
  66.65402
  66.75495
  66.85317
  66.94845
  67.04063
  67.12954
  67.21506
  67.29710
  67.37558
  67.45046
  67.52172
  67.58934
  67.65335
  67.71379
  67.77069
  67.82413
  67.87419
  67.92095
  67.96452
  68.00500
  68.04250
  68.07715
  68.10907
  68.13839
  68.16525
  68.18977
  68.21208
  68.23233
  68.25065
  68.26715
  68.28198
  68.29526
  68.30711
  68.31764
  68.32698
  68.33521
  68.34246
  68.34875
  68.35403
  68.35857
  68.36246
  68.36573
  68.36843
  68.37060
  68.37223
  68.37334
  68.37388
  68.37381
  68.37307
  68.37153
  68.36907
  68.36551
  68.36062
  68.35413
  68.34571
  68.33495
  68.32137
  68.30438
  68.28331
  68.25734
  68.22552
  68.18673
  68.13969
  68.08287
  68.01453
  67.93267
  67.83500
  67.71892
  67.58153
  67.41959
  67.22958
  67.00769
  66.74995
  66.45229
  66.11074
  65.72164
  65.28196
  64.78964
  64.24400
  63.64625
  62.99988
  62.31111
  61.58919
  60.84650
  60.09845
  59.36306
  58.66037
  58.01141
  57.43718
  56.95737
  56.58924
  56.34646
  56.23833
  56.26911
  56.43778
  56.73809
  57.15897
  57.68520
  58.29841
  58.97816
  59.70320
  60.45261
  61.20685
  61.94866
  62.66354
  63.34010
  63.97005
  64.54801
  65.07120
  65.53893
  65.95222
  66.31331
  66.62528
  66.89174
  67.11654
  67.30364
  67.45697
  67.58045
  67.67801
  67.75375
  67.81222
  67.85873
  67.89995
  67.94456
  68.00394
  68.09261
  68.22736
  68.42370
  68.68723
  68.99970
  69.30650
  69.52323
  69.57526
  69.44860
  69.20092
  68.92002
  68.67494
  68.49752
  68.39026
  68.34118
  68.33459
  68.35638
  68.39566
  68.44469
  68.49826
  68.55303
  68.60691
  68.65870
  68.70773
  68.75369
  68.79652
  68.83626
  68.87305
  68.90707
  68.93850
  68.96755
  68.99441
  69.01925
  69.04226
  69.06359
  69.08338
  69.10177
  69.11887
  69.13480
  69.14965
  69.16352
  69.17647
  69.18860
  69.19996
  69.21060
  69.22060
  69.22999
  69.23882
  69.24713
  69.25496
  69.26235
  69.26931
  69.27589
  69.28211
  69.28799
  69.29355
  69.29882
  69.30380
  69.30853
  69.31301
  69.31726
  69.32129
  69.32512
  69.32875
  69.33220
  69.33547
  69.33858
  69.34153
  69.34433
  69.34698
  69.34950
  69.35188
  69.35414
  69.35627
  69.35828
  69.36018
  69.36195
  69.36362
  69.36517
  69.36661
  69.36793
  69.36913
  69.37021
  69.37117
  69.37199
  69.37268
  69.37321
  69.37358
  69.37377
  69.37376
  69.37353
  69.37304
  69.37228
  69.37118
  69.36972
  69.36782
  69.36541
  69.36242
  69.35874
  69.35426
  69.34882
  69.34226
  69.33437
  69.32490
  69.31358
  69.30003
  69.28386
  69.26457
  69.24156
  69.21414
  69.18146
  69.14256
  69.09624
  69.04115
  68.97564
  68.89782
  68.80546
  68.69599
  68.56641
  68.41334
  68.23289
  68.02077
  67.77222
  67.48211
  67.14507
  66.75563
  66.30853
  65.79908
  65.22362
  64.58014
  63.86887
  63.09301
  62.25937
  61.37881
  60.46653
  59.54192
  58.62812
  57.75100
  56.93794
  56.21619
  55.61125
  55.14519
  54.83526
  54.69273
  54.72218
  54.92117
  55.28044
  55.78447
  56.41247
  57.13977
  57.93937
  58.78361
  59.64585
  60.50181
  61.33069
  62.11583
  62.84470
  63.50932
  64.10538
  64.63174
  65.08981
  65.48287
  65.81546
  66.09286
  66.32071
  66.50468
  66.65029
  66.76273
  66.84684
  66.90702
  66.94726
  66.97113
  66.98183
  66.98218
  66.97471
  66.96163
  66.94491
  66.92650
  66.90690
  66.88814
  66.87135
  66.85749
  66.84737
  66.84163
  66.84078
  66.84521
  66.85515
  66.87076
  66.89203
  66.91890
  66.95120
  66.98865
  67.03094
  67.07767
  67.12840
  67.18265
  67.23989
  67.29961
  67.36126
  67.42430
  67.48822
  67.55250
  67.61666
  67.68027
  67.74290
  67.80421
  67.86386
  67.92158
  67.97715
  68.03040
  68.08118
  68.12941
  68.17504
  68.21802
  68.25836
  68.29607
  68.33115
  68.36360
  68.39343
  68.42059
  68.44502
  68.46664
  68.48531
  68.50086
  68.51309
  68.52175
  68.52655
  68.52719
  68.52334
  68.51463
  68.50071
  68.48118
  68.45567
  68.42378
  68.38515
  68.33835
  68.28421
  68.22209
  68.15166
  68.07260
  67.98464
  67.88754
  67.78113
  67.66529
  67.54000
  67.40533
  67.26141
  67.10854
  66.94706
  66.77748
  66.60035
  66.41631
  66.22602
  66.03009
  65.82899
  65.62297
  65.41191
  65.19523
  64.97185
  64.74048
  64.50067
  64.25569
  64.02024
  63.83925
  63.83181
  64.28617
  65.77308
  68.82581
  71.83006
  70.81952
  67.44576
  65.23400
  64.41925
  64.33048
  64.53356
  64.83216
  65.14816
  65.45352
  65.74003
  66.00678
  66.25522
  66.48719
  66.70438
  66.90808
  67.09929
  67.27876
  67.44705
  67.60464
  67.75193
  67.88933
  68.01721
  68.13597
  68.24602
  68.34778
  68.44168
  68.52815
  68.60763
  68.68056
  68.74737
  68.80848
  68.86429
  68.91518
  68.96154
  69.00336
  69.04107
  69.07532
  69.10639
  69.13455
  69.16004
  69.18308
  69.20388
  69.22264
  69.23953
  69.25471
  69.26834
  69.28054
  69.29144
  69.30116
  69.30978
  69.31741
  69.32413
  69.33002
  69.33513
  69.33953
  69.34327
  69.34639
  69.34895
  69.35098
  69.35250
  69.35354
  69.35414
  69.35431
  69.35405
  69.35340
  69.35235
  69.35017
  69.34767
  69.34470
  69.34125
  69.33728
  69.33278
  69.32772
  69.32205
  69.31574
  69.30872
  69.30093
  69.29230
  69.28273
  69.27212
  69.26033
  69.24723
  69.23262
  69.21627
  69.19793
  69.17726
  69.15386
  69.12723
  69.09674
  69.06117
  69.02013
  68.97231
  68.91620
  68.85001
  68.77153
  68.67827
  68.56768
  68.43786
  68.28951
  68.13057
  67.98740
  67.93088
  68.13380
  68.97126
  71.03855
  74.30172
  75.88594
  73.44415
  70.26080
  68.45552
  67.73851
  67.54475
  67.55615
  67.63120
  67.71302
  67.78115
  67.83003
  67.85988
  67.87294
  67.87188
  67.85922
  67.83720
  67.80770
  67.77228
  67.73226
  67.68874
  67.64265
  67.59481
  67.54590
  67.49654
  67.44728
  67.39860
  67.35091
  67.30462
  67.26003
  67.21745
  67.17710
  67.13918
  67.10382
  67.07113
  67.04114
  67.01385
  66.98919
  66.96704
  66.94727
  66.92964
  66.91393
  66.89971
  66.88639
  66.87407
  66.86237
  66.85088
  66.83919
  66.82690
  66.81361
  66.79892
  66.78247
  66.76392
  66.74297
  66.71936
  66.69290
  66.66344
  66.63091
  66.59531
  66.55670
  66.51524
  66.47117
  66.42480
  66.37653
  66.32685
  66.27631
  66.22555
  66.17525
  66.12618
  66.07910
  66.03484
  65.99422
  65.95807
  65.92718
  65.90232
  65.88419
  65.87341
  65.87053
  65.87599
  65.89011
  65.91309
  65.94501
  65.98581
  66.03532
  66.09324
  66.15914
  66.23253
  66.31279
  66.39925
  66.49116
  66.58777
  66.68826
  66.79184
  66.89769
  67.00505
  67.11317
  67.22133
  67.32890
  67.43528
  67.53993
  67.64239
  67.74224
  67.83916
  67.93285
  68.02309
  68.10972
  68.19262
  68.27172
  68.34697
  68.41839
  68.48602
  68.54990
  68.61014
  68.66681
  68.72005
  68.76998
  68.81673
  68.86045
  68.90128
  68.93936
  68.97484
  69.00786
  69.03866
  69.06679
  69.09291
  69.11714
  69.13960
  69.16041
  69.17967
  69.19749
  69.21398
  69.22921
  69.24329
  69.25629
  69.26829
  69.27936
  69.28957
  69.29899
  69.30768
  69.31568
  69.32305
  69.32984
  69.33609
  69.34185
  69.34715
  69.35202
  69.35650
  69.36062
  69.36441
  69.36789
  69.37108
  69.37402
  69.37671
  69.37918
  69.38145
  69.38353
  69.38543
  69.38717
  69.38876
  69.39022
  69.39154
  69.39275
  69.39386
  69.39486
  69.39577
  69.39659
  69.39734
  69.39801
  69.39861
  69.39915
  69.39963
  69.40005
  69.40042
  69.40075
  69.40103
  69.40126
  69.40146
  69.40161
  69.40173
  69.40182
  69.40187
  69.40190
  69.40189
  69.40185
  69.40178
  69.40168
  69.40156
  69.40140
  69.40122
  69.40101
  69.40078
  69.40051
  69.40022
  69.39990
  69.39954
  69.39916
  69.39874
  69.39829
  69.39781
  69.39729
  69.39673
  69.39613
  69.39549
  69.39481
  69.39408
  69.39330
  69.39247
  69.39158
  69.39064
  69.38964
  69.38857
  69.38744
  69.38623
  69.38495
  69.38358
  69.38212
  69.38058
  69.37893
  69.37718
  69.37532
  69.37335
  69.37124
  69.36901
  69.36663
  69.36410
  69.36141
  69.35854
  69.35550
  69.35227
  69.34883
  69.34517
  69.34128
  69.33714
  69.33274
  69.32807
  69.32310
  69.31782
  69.31220
  69.30623
  69.29989
  69.29315
  69.28599
  69.27839
  69.27031
  69.26173
  69.25263
  69.24296
  69.23271
  69.22182
  69.21028
  69.19804
  69.18507
  69.17132
  69.15675
  69.14132
  69.12500
  69.10772
  69.08945
  69.07013
  69.04973
  69.02818
  69.00544
  68.98145
  68.95617
  68.92954
  68.90152
  68.87205
  68.84108
  68.80857
  68.77447
  68.73874
  68.70135
  68.66225
  68.62142
  68.57883
  68.53447
  68.48832
  68.44039
  68.39067
  68.33920
  68.28598
  68.23107
  68.17451
  68.11637
  68.05672
  67.99566
  67.93329
  67.86973
  67.80512
  67.73960
  67.67335
  67.60654
  67.53936
  67.47201
  67.40470
  67.33766
  67.27112
  67.20531
  67.14046
  67.07682
  67.01463
  66.95411
  66.89550
  66.83902
  66.78489
  66.73329
  66.68443
  66.63846
  66.59556
  66.55585
  66.51948
  66.48654
  66.45712
  66.43130
  66.40915
  66.39070
  66.37598
  66.36502
  66.35782
  66.35437
  66.35465
  66.35865
  66.36632
  66.37763
  66.39253
  66.41095
  66.43283
  66.45810
  66.48667
  66.51846
  66.55336
  66.59126
  66.63205
  66.67560
  66.72176
  66.77040
  66.82135
  66.87444
  66.92950
  66.98658
  67.04441
  67.10357
  67.16384
  67.22502
  67.28687
  67.34919
  67.41174
  67.47431
  67.53668
  67.59862
  67.65991
  67.72033
  67.77967
  67.83771
  67.89424
  67.94903
  68.00187
  68.05255
  68.10084
  68.14653
  68.18938
  68.22919
  68.26575
  68.29887
  68.32838
  68.35417
  68.37619
  68.39445
  68.40910
  68.42039
  68.42873
  68.43468
  68.43895
  68.44238
  68.44589
  68.45046
  68.45702
  68.46644
  68.47942
  68.49650
  68.51799
  68.54395
  68.57421
  68.60836
  68.64580
  68.68573
  68.72724
  68.76936
  68.81116
  68.85175
  68.89037
  68.92643
  68.95946
  68.98917
  69.01538
  69.03805
  69.05720
  69.07292
  69.08530
  69.09449
  69.10061
  69.10378
  69.10409
  69.10162
  69.09642
  69.08850
  69.07784
  69.06442
  69.04815
  69.02893
  69.00665
  68.98114
  68.95221
  68.91966
  68.88325
  68.84270
  68.79773
  68.74802
  68.69273
  68.63189
  68.56530
  68.49252
  68.41313
  68.32670
  68.23277
  68.13092
  68.02072
  67.90176
  67.77369
  67.63618
  67.48898
  67.33194
  67.16499
  66.98821
  66.80182
  66.60619
  66.40193
  66.18980
  65.97084
  65.74630
  65.51766
  65.28667
  65.05527
  64.82561
  64.60001
  64.38091
  64.17081
  63.97224
  63.78764
  63.61933
  63.46946
  63.33986
  63.23209
  63.14731
  63.08629
  63.04936
  63.03643
  63.04700
  63.08019
  63.13477
  63.20921
  63.30177
  63.41052
  63.53346
  63.66852
  63.81367
  63.96696
  64.12653
  64.29068
  64.45785
  64.62670
  64.79602
  64.96482
  65.13226
  65.29765
  65.46044
  65.62021
  65.77663
  65.92946
  66.07852
  66.22371
  66.36494
  66.50216
  66.63535
  66.76450
  66.88961
  67.01068
  67.12774
  67.24079
  67.34987
  67.45498
  67.55616
  67.65344
  67.74686
  67.83646
  67.92228
  68.00439
  68.08284
  68.15770
  68.22905
  68.29696
  68.36151
  68.42281
  68.48094
  68.53600
  68.58809
  68.63732
  68.68378
  68.72759
  68.76885
  68.80767
  68.84413
  68.87836
  68.91044
  68.94047
  68.96855
  68.99476
  69.01918
  69.04191
  69.06300
  69.08254
  69.10059
  69.11720
  69.13244
  69.14635
  69.15898
  69.17036
  69.18052
  69.18949
  69.19728
  69.20390
  69.20936
  69.21365
  69.21676
  69.21865
  69.21931
  69.21869
  69.21673
  69.21338
  69.20855
  69.20216
  69.19410
  69.18426
  69.17251
  69.15869
  69.14263
  69.12415
  69.10304
  69.07908
  69.05200
  69.02154
  68.98740
  68.94925
  68.90675
  68.85952
  68.80718
  68.74931
  68.68547
  68.61522
  68.53811
  68.45368
  68.36149
  68.26110
  68.15211
  68.03419
  67.90705
  67.77049
  67.62443
  67.46891
  67.30415
  67.13055
  66.94871
  66.75949
  66.56398
  66.36356
  66.15989
  65.95488
  65.75072
  65.54983
  65.35481
  65.16841
  64.99344
  64.83273
  64.68901
  64.56482
  64.46246
  64.38389
  64.33063
  64.30374
  64.30377
  64.33073
  64.38407
  64.46275
  64.56525
  64.68962
  64.83358
  64.99457
  65.16988
  65.35669
  65.55217
  65.75359
  65.95834
  66.16400
  66.36838
  66.56955
  66.76587
  66.95596
  67.13871
  67.31327
  67.47904
  67.63560
  67.78277
  67.92047
  68.04881
  68.16798
  68.27827
  68.38002
  68.47365
  68.55957
  68.63825
  68.71015
  68.77572
  68.83542
  68.88969
  68.93895
  68.98361
  69.02404
  69.06060
  69.09363
  69.12343
  69.15029
  69.17447
  69.19622
  69.21577
  69.23330
  69.24901
  69.26306
  69.27560
  69.28678
  69.29671
  69.30550
  69.31326
  69.32007
  69.32601
  69.33115
  69.33554
  69.33925
  69.34231
  69.34477
  69.34666
  69.34799
  69.34881
  69.34911
  69.34891
  69.34821
  69.34702
  69.34533
  69.34312
  69.34039
  69.33712
  69.33328
  69.32885
  69.32379
  69.31805
  69.31161
  69.30440
  69.29637
  69.28747
  69.27761
  69.26672
  69.25473
  69.24153
  69.22704
  69.21114
  69.19372
  69.17466
  69.15381
  69.13104
  69.10619
  69.07910
  69.04960
  69.01751
  68.98263
  68.94477
  68.90372
  68.85928
  68.81122
  68.75933
  68.70340
  68.64321
  68.57857
  68.50930
  68.43521
  68.35617
  68.27207
  68.18285
  68.08847
  67.98898
  67.88448
  67.77515
  67.66125
  67.54316
  67.42133
  67.29634
  67.16886
  67.03971
  66.90978
  66.78012
  66.65184
  66.52615
  66.40434
  66.28772
  66.17767
  66.07553
  65.98262
  65.90018
  65.82936
  65.77117
  65.72648
  65.69595
  65.68005
  65.67902
  65.69288
  65.72142
  65.76420
  65.82059
  65.88976
  65.97070
  66.06230
  66.16331
  66.27243
  66.38831
  66.50961
  66.63497
  66.76311
  66.89280
  67.02292
  67.15242
  67.28037
  67.40595
  67.52846
  67.64731
  67.76203
  67.87223
  67.97764
  68.07807
  68.17339
  68.26357
  68.34861
  68.42859
  68.50360
  68.57378
  68.63929
  68.70033
  68.75709
  68.80979
  68.85862
  68.90382
  68.94560
  68.98417
  69.01973
  69.05249
  69.08264
  69.11037
  69.13584
  69.15923
  69.18069
  69.20037
  69.21841
  69.23493
  69.25005
  69.26306
  69.27503
  69.28583
  69.29552
  69.30417
  69.31184
  69.31857
  69.32440
  69.32935
  69.33343
  69.33664
  69.33899
  69.34042
  69.34091
  69.34039
  69.33876
  69.33591
  69.33170
  69.32593
  69.31837
  69.30873
  69.29663
  69.28163
  69.26318
  69.24060
  69.21307
  69.17959
  69.13897
  69.08982
  69.03054
  68.95940
  68.87471
  68.77521
  68.66090
  68.53470
  68.40571
  68.29540
  68.24854
  68.34958
  68.73545
  69.55823
  70.78171
  71.81599
  71.74534
  70.56252
  69.17682
  68.17845
  67.60164
  67.28963
  67.09979
  66.94168
  66.76447
  66.54063
  66.25507
  65.89925
  65.46827
  64.95963
  64.37303
  63.71060
  62.97741
  62.18200
  61.33687
  60.45867
  59.56807
  58.68924
  57.84890
  57.07497
  56.39502
  55.83459
  55.41561
  55.15497
  55.06346
  55.14509
  55.39685
  55.80889
  56.36521
  57.04464
  57.82230
  58.67114
  59.56362
  60.47339
  61.37656
  62.25282
  63.08598
  63.86418
  64.57972
  65.22885
  65.80970
  66.32462
  66.77693
  67.17109
  67.51223
  67.80577
  68.05707
  68.27131
  68.45328
  68.60739
  68.73755
  68.84726
  68.93956
  69.01709
  69.08213
  69.13664
  69.18228
  69.22046
  69.25239
  69.27908
  69.30137
  69.31998
  69.33552
  69.34862
  69.35883
  69.36716
  69.37390
  69.37929
  69.38350
  69.38670
  69.38901
  69.39051
  69.39127
  69.39134
  69.39074
  69.38946
  69.38749
  69.38478
  69.38126
  69.37683
  69.37137
  69.36470
  69.35660
  69.34682
  69.33499
  69.32070
  69.30341
  69.28245
  69.25697
  69.22596
  69.18814
  69.14196
  69.08561
  69.01705
  68.93423
  68.83562
  68.72154
  68.59709
  68.47871
  68.40817
  68.48106
  68.89497
  69.98275
  72.00052
  74.18491
  74.35748
  72.29703
  70.18124
  68.98421
  68.50714
  68.40515
  68.46427
  68.57932
  68.70376
  68.81903
  68.91906
  69.00314
  69.07268
  69.12967
  69.17619
  69.21407
  69.24489
  69.26993
  69.29026
  69.30672
  69.32000
  69.33064
  69.33907
  69.34564
  69.35063
  69.35425
  69.35667
  69.35802
  69.35840
  69.35790
  69.35655
  69.35440
  69.35146
  69.34744
  69.34263
  69.33699
  69.33050
  69.32312
  69.31480
  69.30547
  69.29508
  69.28353
  69.27029
  69.25568
  69.23969
  69.22217
  69.20301
  69.18204
  69.15912
  69.13408
  69.10672
  69.07687
  69.04431
  69.00883
  68.97019
  68.92817
  68.88251
  68.83295
  68.77924
  68.72111
  68.65829
  68.59053
  68.51758
  68.43921
  68.35521
  68.26540
  68.16965
  68.06787
  67.96004
  67.84622
  67.72654
  67.60125
  67.47070
  67.33536
  67.19584
  67.05289
  66.90741
  66.76043
  66.61315
  66.46686
  66.32303
  66.18316
  66.04889
  65.92185
  65.80371
  65.69608
  65.59977
  65.51702
  65.44896
  65.39663
  65.36086
  65.34222
  65.34098
  65.35714
  65.39041
  65.44022
  65.50574
  65.58589
  65.67941
  65.78488
  65.90075
  66.02539
  66.15717
  66.29443
  66.43559
  66.57911
  66.72360
  66.86751
  67.00992
  67.14987
  67.28650
  67.41913
  67.54719
  67.67025
  67.78801
  67.90027
  68.00692
  68.10793
  68.20333
  68.29320
  68.37767
  68.45687
  68.53098
  68.60019
  68.66470
  68.72470
  68.78041
  68.83203
  68.87978
  68.92387
  68.96449
  69.00186
  69.03617
  69.06763
  69.09641
  69.12271
  69.14669
  69.16853
  69.18838
  69.20640
  69.22272
  69.23749
  69.25083
  69.26284
  69.27365
  69.28335
  69.29202
  69.29977
  69.30665
  69.31275
  69.31813
  69.32237
  69.32578
  69.32866
  69.33105
  69.33300
  69.33453
  69.33567
  69.33645
  69.33688
  69.33700
  69.33680
  69.33632
  69.33557
  69.33455
  69.33327
  69.33175
  69.32999
  69.32800
  69.32578
  69.32333
  69.32066
  69.31777
  69.31465
  69.31132
  69.30775
  69.30396
  69.29994
  69.29568
  69.29118
  69.28643
  69.28143
  69.27616
  69.27063
  69.26482
  69.25872
  69.25232
  69.24562
  69.23859
  69.23123
  69.22352
  69.21546
  69.20702
  69.19819
  69.18895
  69.17929
  69.16920
  69.15864
  69.14761
  69.13609
  69.12405
  69.11147
  69.09833
  69.08462
  69.07030
  69.05535
  69.03976
  69.02348
  69.00651
  68.98881
  68.97036
  68.95113
  68.93109
  68.91022
  68.88849
  68.86587
  68.84233
  68.81785
  68.79239
  68.76594
  68.73845
  68.70991
  68.68028
  68.64954
  68.61767
  68.58462
  68.55039
  68.51493
  68.47823
  68.44026
  68.40099
  68.36038
  68.31842
  68.27506
  68.23028
  68.18403
  68.13628
  68.08698
  68.03607
  67.98350
  67.92921
  67.87310
  67.81511
  67.75511
  67.69300
  67.62865
  67.56190
  67.49258
  67.42052
  67.34549
  67.26726
  67.18558
  67.10018
  67.01076
  66.91702
  66.81862
  66.71524
  66.60656
  66.49225
  66.37202
  66.24561
  66.11280
  65.97347
  65.82755
  65.67511
  65.51634
  65.35161
  65.18143
  65.00656
  64.82794
  64.64676
  64.46446
  64.28268
  64.10331
  63.92845
  63.76035
  63.60137
  63.45396
  63.32056
  63.20352
  63.10505
  63.02713
  62.97143
  62.93926
  62.93150
  62.94855
  62.99034
  63.05630
  63.14538
  63.25608
  63.38650
  63.53440
  63.69729
  63.87247
  64.05714
  64.24845
  64.44363
  64.63996
  64.83491
  65.02613
  65.21152
  65.38919
  65.55755
  65.71524
  65.86114
  65.99440
  66.11436
  66.22058
  66.31280
  66.39090
  66.45495
  66.50510
  66.54165
  66.56499
  66.57560
  66.57406
  66.56104
  66.53726
  66.50356
  66.46082
  66.41002
  66.35222
  66.28852
  66.22011
  66.14825
  66.07421
  65.99933
  65.92495
  65.85242
  65.78307
  65.71817
  65.65894
  65.60648
  65.56179
  65.52571
  65.49890
  65.48115
  65.47348
  65.47582
  65.48800
  65.50962
  65.54006
  65.57849
  65.62387
  65.67499
  65.73046
  65.78877
  65.84828
  65.90724
  65.96344
  66.01551
  66.06141
  66.09918
  66.12687
  66.14252
  66.14417
  66.12987
  66.09770
  66.04576
  65.97218
  65.87493
  65.75248
  65.60303
  65.42492
  65.21658
  64.97663
  64.70406
  64.39864
  64.06193
  63.69941
  63.32523
  62.97267
  62.71592
  62.71132
  63.24955
  64.69527
  66.86274
  67.92315
  66.35472
  63.89067
  62.23494
  61.48947
  61.29117
  61.36722
  61.57432
  61.84551
  62.15077
  62.47652
  62.81600
  63.16502
  63.52017
  63.87821
  64.23584
  64.58981
  64.93702
  65.27462
  65.60013
  65.91150
  66.20711
  66.48582
  66.74690
  66.99004
  67.21524
  67.42280
  67.61297
  67.78645
  67.94432
  68.08750
  68.21695
  68.33369
  68.43868
  68.53289
  68.61724
  68.69259
  68.75976
  68.81948
  68.87245
  68.91927
  68.96049
  68.99660
  69.02744
  69.05394
  69.07637
  69.09492
  69.10970
  69.12073
  69.12796
  69.13122
  69.13024
  69.12461
  69.11376
  69.09690
  69.07305
  69.04094
  68.99903
  68.94548
  68.87827
  68.79551
  68.69628
  68.58251
  68.46353
  68.36619
  68.35730
  68.58929
  69.37078
  71.15248
  73.88953
  75.51268
  73.91787
  71.18424
  69.39917
  68.61774
  68.38926
  68.40363
  68.50750
  68.63362
  68.75498
  68.86221
  68.95339
  69.02951
  69.09252
  69.14451
  69.18742
  69.22289
  69.25230
  69.27677
  69.29720
  69.31434
  69.32877
  69.34098
  69.35135
  69.36019
  69.36777
  69.37428
  69.37990
  69.38478
  69.38902
  69.39241
  69.39537
  69.39795
  69.40020
  69.40219
  69.40393
  69.40548
  69.40684
  69.40806
  69.40914
  69.41011
  69.41097
  69.41175
  69.41245
  69.41284
  69.41294
  69.41297
  69.41300
  69.41302
  69.41305
  69.41307
  69.41310
  69.41312
  69.41314
  69.41316
  69.41318
  69.41319
  69.41321
  69.41323
  69.41325
  69.41327
  69.41329
  69.41330
  69.41332
  69.41334
  69.41336
  69.41338
  69.41340
  69.41343
  69.41345
  69.41319
  69.41302
  69.41283
  69.41264
  69.41244
  69.41223
  69.41201
  69.41179
  69.41155
  69.41131
  69.41105
  69.41078
  69.41050
  69.41021
  69.40991
  69.40959
  69.40925
  69.40890
  69.40854
  69.40816
  69.40776
  69.40734
  69.40691
  69.40645
  69.40597
  69.40547
  69.40494
  69.40439
  69.40373
  69.40306
  69.40236
  69.40163
  69.40087
  69.40007
  69.39923
  69.39836
  69.39744
  69.39648
  69.39548
  69.39444
  69.39334
  69.39219
  69.39099
  69.38973
  69.38842
  69.38704
  69.38560
  69.38409
  69.38251
  69.38085
  69.37911
  69.37729
  69.37539
  69.37339
  69.37130
  69.36911
  69.36681
  69.36439
  69.36187
  69.35921
  69.35643
  69.35352
  69.35045
  69.34724
  69.34387
  69.34033
  69.33662
  69.33272
  69.32862
  69.32432
  69.31980
  69.31505
  69.31006
  69.30482
  69.29931
  69.29351
  69.28742
  69.28101
  69.27426
  69.26716
  69.25969
  69.25183
  69.24355
  69.23482
  69.22563
  69.21595
  69.20573
  69.19496
  69.18360
  69.17162
  69.15896
  69.14560
  69.13149
  69.11658
  69.10082
  69.08415
  69.06653
  69.04789
  69.02817
  69.00730
  68.98522
  68.96185
  68.93714
  68.91102
  68.88343
  68.85432
  68.82366
  68.79145
  68.75770
  68.72251
  68.68602
  68.64848
  68.61028
  68.57196
  68.53431
  68.49840
  68.46564
  68.43786
  68.41729
  68.40652
  68.40831
  68.42513
  68.45852
  68.50805
  68.57026
  68.63796
  68.70058
  68.74617
  68.76478
  68.75202
  68.71075
  68.64996
  68.58148
  68.51644
  68.46282
  68.42488
  68.40361
  68.39783
  68.40517
  68.42292
  68.44842
  68.47933
  68.51377
  68.55021
  68.58753
  68.62487
  68.66165
  68.69743
  68.73196
  68.76506
  68.79663
  68.82665
  68.85509
  68.88201
  68.90743
  68.93141
  68.95402
  68.97533
  68.99539
  69.01429
  69.03207
  69.04881
  69.06456
  69.07939
  69.09334
  69.10646
  69.11881
  69.13043
  69.14135
  69.15162
  69.16128
  69.17036
  69.17888
  69.18689
  69.19440
  69.20145
  69.20805
  69.21424
  69.21993
  69.22516
  69.23002
  69.23454
  69.23872
  69.24259
  69.24616
  69.24944
  69.25244
  69.25518
  69.25767
  69.25991
  69.26192
  69.26371
  69.26529
  69.26666
  69.26783
  69.26881
  69.26961
  69.27023
  69.27068
  69.27096
  69.27107
  69.27104
  69.27085
  69.27051
  69.27003
  69.26941
  69.26865
  69.26776
  69.26674
  69.26558
  69.26431
  69.26290
  69.26138
  69.25973
  69.25797
  69.25608
  69.25408
  69.25196
  69.24972
  69.24737
  69.24489
  69.24231
  69.23960
  69.23677
  69.23383
  69.23076
  69.22757
  69.22426
  69.22081
  69.21724
  69.21353
  69.20969
  69.20570
  69.20158
  69.19730
  69.19287
  69.18828
  69.18352
  69.17859
  69.17348
  69.16818
  69.16269
  69.15699
  69.15107
  69.14493
  69.13855
  69.13192
  69.12502
  69.11784
  69.11037
  69.10258
  69.09446
  69.08599
  69.07714
  69.06789
  69.05821
  69.04809
  69.03748
  69.02615
  69.01429
  69.00186
  68.98880
  68.97508
  68.96065
  68.94546
  68.92945
  68.91256
  68.89474
  68.87591
  68.85600
  68.83495
  68.81266
  68.78906
  68.76404
  68.73754
  68.70943
  68.67965
  68.64808
  68.61464
  68.57926
  68.54187
  68.50245
  68.46099
  68.41758
  68.37234
  68.32554
  68.27760
  68.22913
  68.18101
  68.13447
  68.09113
  68.05306
  68.02281
  68.00324
  67.99729
  68.00737
  68.03445
  68.07690
  68.12934
  68.18229
  68.22333
  68.24015
  68.22463
  68.17606
  68.10135
  68.01235
  67.92171
  67.83953
  67.77184
  67.72076
  67.68557
  67.66390
  67.65269
  67.64887
  67.64967
  67.65278
  67.65636
  67.65897
  67.65955
  67.65731
  67.65168
  67.64227
  67.62881
  67.61112
  67.58910
  67.56269
  67.53187
  67.49664
  67.45705
  67.41314
  67.36496
  67.31261
  67.25616
  67.19574
  67.13146
  67.06347
  66.99193
  66.91704
  66.83902
  66.75811
  66.67460
  66.58882
  66.50112
  66.41192
  66.32166
  66.23085
  66.14001
  66.04975
  65.96069
  65.87350
  65.78888
  65.70756
  65.63029
  65.55782
  65.49090
  65.43028
  65.37667
  65.33072
  65.29306
  65.26422
  65.24468
  65.23480
  65.23485
  65.24498
  65.26525
  65.29559
  65.33581
  65.38561
  65.44459
  65.51226
  65.58803
  65.67123
  65.76116
  65.85704
  65.95809
  66.06348
  66.17241
  66.28408
  66.39769
  66.51252
  66.62784
  66.74300
  66.85740
  66.97050
  67.08180
  67.19088
  67.29737
  67.40097
  67.50142
  67.59851
  67.69210
  67.78207
  67.86836
  67.95093
  68.02979
  68.10495
  68.17646
  68.24440
  68.30885
  68.36991
  68.42768
  68.48230
  68.53387
  68.58253
  68.62840
  68.67162
  68.71231
  68.75061
  68.78663
  68.82051
  68.85235
  68.88228
  68.91040
  68.93682
  68.96165
  68.98497
  69.00688
  69.02747
  69.04682
  69.06501
  69.08211
  69.09819
  69.11332
  69.12755
  69.14095
  69.15357
  69.16546
  69.17667
  69.18724
  69.19721
  69.20663
  69.21553
  69.22394
  69.23189
  69.23941
  69.24654
  69.25329
  69.25970
  69.26577
  69.27154
  69.27702
  69.28223
  69.28719
  69.29191
  69.29640
  69.30069
  69.30477
  69.30867
  69.31239
  69.31594
  69.31933
  69.32257
  69.32567
  69.32863
  69.33145
  69.33415
  69.33673
  69.33919
  69.34153
  69.34375
  69.34586
  69.34786
  69.34974
  69.35150
  69.35314
  69.35465
  69.35603
  69.35726
  69.35834
  69.35925
  69.35997
  69.36047
  69.36075
  69.36076
  69.36046
  69.35982
  69.35878
  69.35728
  69.35525
  69.35260
  69.34923
  69.34502
  69.33982
  69.33348
  69.32579
  69.31653
  69.30542
  69.29215
  69.27634
  69.25756
  69.23530
  69.20896
  69.17784
  69.14115
  69.09794
  69.04712
  68.98744
  68.91748
  68.83557
  68.73986
  68.62823
  68.49834
  68.34755
  68.17303
  67.97168
  67.74028
  67.47547
  67.17395
  66.83201
  66.44744
  66.01813
  65.54293
  65.02202
  64.45723
  63.85241
  63.21372
  62.54984
  61.87200
  61.19385
  60.53107
  59.90084
  59.32101
  58.80926
  58.38203
  58.05360
  57.83521
  57.73430
  57.75408
  57.89342
  58.14671
  58.50424
  58.95277
  59.47631
  60.05702
  60.67614
  61.31494
  61.95554
  62.58153
  63.17849
  63.73426
  64.23920
  64.68658
  65.07365
  65.40428
  65.69544
  65.99205
  66.39892
  67.13957
  68.60985
  71.14958
  73.84365
  73.99623
  71.62632
  69.43418
  68.32612
  67.96481
  67.96071
  68.09609
  68.27068
  68.44278
  68.59717
  68.72997
  68.84190
  68.93533
  69.01298
  69.07744
  69.13097
  69.17549
  69.21259
  69.24359
  69.26955
  69.29135
  69.30970
  69.32519
  69.33830
  69.34942
  69.35887
  69.36693
  69.37382
  69.37972
  69.38478
  69.38913
  69.39289
  69.39613
  69.39895
  69.40139
  69.40351
  69.40536
  69.40698
  69.40840
  69.40964
  69.41074
  69.41170
  69.41256
  69.41332
  69.41350
  69.41366
  69.41380
  69.41392
  69.41403
  69.41413
  69.41422
  69.41430
  69.41437
  69.41444
  69.41450
  69.41456
  69.41461
  69.41466
  69.41471
  69.41475
  69.41480
  69.41483
  69.41487
  69.41491
  69.41494
  69.41497
  69.41500
  69.41503
  69.41506
  69.41509
  69.41512
  69.41514
  69.41516
  69.41519
  69.41521
  69.41523
  69.41524
  69.41526
  69.41528
  69.41529
  69.41530
  69.41531
  69.41532
  69.41532
  69.41533
  69.41533
  69.41532
  69.41531
  69.41530
  69.41529
  69.41527
  69.41524
  69.41521
  69.41517
  69.41512
  69.41506
  69.41500
  69.41492
  69.41483
  69.41473
  69.41461
  69.41447
  69.41431
  69.41413
  69.41392
  69.41369
  69.41342
  69.41311
  69.41276
  69.41237
  69.41192
  69.41141
  69.41083
  69.41018
  69.40944
  69.40860
  69.40765
  69.40657
  69.40536
  69.40398
  69.40243
  69.40066
  69.39867
  69.39642
  69.39388
  69.39101
  69.38776
  69.38409
  69.37994
  69.37526
  69.36997
  69.36399
  69.35725
  69.34963
  69.34104
  69.33134
  69.32040
  69.30806
  69.29414
  69.27846
  69.26078
  69.24087
  69.21846
  69.19323
  69.16486
  69.13297
  69.09715
  69.05694
  69.01186
  68.96136
  68.90486
  68.84171
  68.77124
  68.69272
  68.60539
  68.50846
  68.40111
  68.28253
  68.15189
  68.00842
  67.85142
  67.68027
  67.49451
  67.29384
  67.07824
  66.84794
  66.60357
  66.34612
  66.07708
  65.79842
  65.51265
  65.22279
  64.93240
  64.64551
  64.36655
  64.10022
  63.85139
  63.62495
  63.42557
  63.25758
  63.12479
  63.03027
  62.97628
  62.96411
  62.99405
  63.06539
  63.17640
  63.32448
  63.50621
  63.71756
  63.95402
  64.21079
  64.48300
  64.76581
  65.05461
  65.34515
  65.63357
  65.91656
  66.19129
  66.45548
  66.70738
  66.94571
  67.16963
  67.37869
  67.57277
  67.75202
  67.91679
  68.06763
  68.20517
  68.33017
  68.44341
  68.54569
  68.63784
  68.72066
  68.79491
  68.86134
  68.92063
  68.97345
  69.02039
  69.06200
  69.09879
  69.13122
  69.15970
  69.18461
  69.20627
  69.22497
  69.24098
  69.25452
  69.26578
  69.27493
  69.28210
  69.28740
  69.29092
  69.29272
  69.29285
  69.29131
  69.28810
  69.28321
  69.27658
  69.26815
  69.25781
  69.24547
  69.23097
  69.21416
  69.19484
  69.17280
  69.14778
  69.11949
  69.08763
  69.05183
  69.01170
  68.96681
  68.91667
  68.86075
  68.79849
  68.72926
  68.65238
  68.56712
  68.47271
  68.36833
  68.25311
  68.12616
  67.98654
  67.83333
  67.66558
  67.48238
  67.28287
  67.06627
  66.83190
  66.57926
  66.30802
  66.01812
  65.70979
  65.38359
  65.04052
  64.68197
  64.30983
  63.92650
  63.53485
  63.13829
  62.74065
  62.34621
  61.95956
  61.58554
  61.22910
  60.89519
  60.58863
  60.31394
  60.07524
  59.87610
  59.71944
  59.60749
  59.54167
  59.52260
  59.55010
  59.62320
  59.74021
  59.89879
  60.09601
  60.32849
  60.59248
  60.88396
  61.19876
  61.53265
  61.88144
  62.24102
  62.60749
  62.97718
  63.34668
  63.71292
  64.07317
  64.42502
  64.76601
  65.09488
  65.41027
  65.71115
  65.99681
  66.26677
  66.52082
  66.75897
  66.98137
  67.18837
  67.38039
  67.55799
  67.72178
  67.87243
  68.01061
  68.13705
  68.25246
  68.35754
  68.45296
  68.53938
  68.61742
  68.68767
  68.75065
  68.80688
  68.85680
  68.90081
  68.93926
  68.97246
  69.00065
  69.02402
  69.04272
  69.05682
  69.06633
  69.07119
  69.07127
  69.06637
  69.05618
  69.04033
  69.01833
  68.98961
  68.95354
  68.90942
  68.85663
  68.79470
  68.72366
  68.64451
  68.56020
  68.47722
  68.40853
  68.37809
  68.42740
  68.62128
  69.04174
  69.73953
  70.60886
  71.26867
  71.27170
  70.61730
  69.75160
  69.05687
  68.63962
  68.44932
  68.40405
  68.43895
  68.51253
  68.60083
  68.69096
  68.77646
  68.85446
  68.92403
  68.98524
  69.03864
  69.08499
  69.12507
  69.15967
  69.18949
  69.21518
  69.23730
  69.25632
  69.27269
  69.28674
  69.29881
  69.30916
  69.31801
  69.32556
  69.33199
  69.33744
  69.34205
  69.34591
  69.34913
  69.35180
  69.35399
  69.35576
  69.35718
  69.35831
  69.35918
  69.35984
  69.36033
  69.36070
  69.36097
  69.36117
  69.36133
  69.36147
  69.36162
  69.36180
  69.36203
  69.36232
  69.36268
  69.36312
  69.36366
  69.36429
  69.36503
  69.36588
  69.36643
  69.36711
  69.36792
  69.36885
  69.36990
  69.37104
  69.37228
  69.37360
  69.37499
  69.37644
  69.37794
  69.37947
  69.38103
  69.38261
  69.38420
  69.38579
  69.38737
  69.38893
  69.39046
  69.39197
  69.39345
  69.39489
  69.39628
  69.39763
  69.39894
  69.40019
  69.40140
  69.40255
  69.40365
  69.40471
  69.40571
  69.40666
  69.40756
  69.40842
  69.40923
  69.40999
  69.41071
  69.41139
  69.41203
  69.41263
  69.41320
  69.41373
  69.41423
  69.41469
  69.41513
  69.41553
  69.41591
  69.41627
  69.41647
  69.41645
  69.41644
  69.41642
  69.41640
  69.41638
  69.41635
  69.41633
  69.41631
  69.41628
  69.41626
  69.41623
  69.41620
  69.41617
  69.41614
  69.41611
  69.41608
  69.41604
  69.41601
  69.41597
  69.41593
  69.41589
  69.41585
  69.41580
  69.41575
  69.41570
  69.41565
  69.41560
  69.41554
  69.41548
  69.41542
  69.41536
  69.41529
  69.41522
  69.41515
  69.41507
  69.41399
  69.41273
  69.41121
  69.40936
  69.40709
  69.40428
  69.40079
  69.39640
  69.39087
  69.38383
  69.37480
  69.36313
  69.34793
  69.32799
  69.30164
  69.26660
  69.21978
  69.15708
  69.07333
  68.96268
  68.82050
  68.64929
  68.47548
  68.39386
  68.67491
  69.95807
  73.14786
  76.99321
  76.07831
  71.96445
  69.40701
  68.52119
  68.39501
  68.52123
  68.69922
  68.86232
  68.99419
  69.09557
  69.17179
  69.22862
  69.27091
  69.30244
  69.32602
  69.34373
  69.35710
  69.36721
  69.37489
  69.38071
  69.38513
  69.38846
  69.39094
  69.39276
  69.39406
  69.39493
  69.39547
  69.39572
  69.39526
  69.39434
  69.39337
  69.39237
  69.39133
  69.39023
  69.38910
  69.38791
  69.38667
  69.38538
  69.38404
  69.38263
  69.38117
  69.37965
  69.37806
  69.37576
  69.37353
  69.37117
  69.36869
  69.36607
  69.36331
  69.36039
  69.35731
  69.35406
  69.35062
  69.34698
  69.34314
  69.33907
  69.33477
  69.33021
  69.32539
  69.32028
  69.31487
  69.30915
  69.30308
  69.29667
  69.28988
  69.28271
  69.27513
  69.26714
  69.25871
  69.24983
  69.24051
  69.23072
  69.22048
  69.20978
  69.19863
  69.18706
  69.17508
  69.16272
  69.15002
  69.13703
  69.12380
  69.11038
  69.09618
  69.08160
  69.06685
  69.05196
  69.03695
  69.02182
  69.00655
  68.99107
  68.97529
  68.95904
  68.94208
  68.92407
  68.90455
  68.88288
  68.85795
  68.82879
  68.79380
  68.75083
  68.69701
  68.62861
  68.54093
  68.42864
  68.28730
  68.11808
  67.94185
  67.83778
  68.04521
  69.18992
  72.44051
  77.43289
  77.48334
  72.47332
  69.14985
  67.95072
  67.70309
  67.77216
  67.91433
  68.04870
  68.15337
  68.22722
  68.27449
  68.30034
  68.30905
  68.30436
  68.28896
  68.26486
  68.23353
  68.19611
  68.15346
  68.10635
  68.05545
  68.00152
  67.94539
  67.88810
  67.83093
  67.77551
  67.72383
  67.67827
  67.64151
  67.61634
  67.60445
  67.60826
  67.62759
  67.65967
  67.69886
  67.73709
  67.76565
  67.77777
  67.77098
  67.74809
  67.71611
  67.68376
  67.65892
  67.64703
  67.65059
  67.66964
  67.70256
  67.74683
  67.79969
  67.85853
  67.92105
  67.98536
  68.04998
  68.11379
  68.17597
  68.23596
  68.29337
  68.34799
  68.39970
  68.44846
  68.49430
  68.53727
  68.57744
  68.61491
  68.64976
  68.68207
  68.71189
  68.73926
  68.76418
  68.78661
  68.80649
  68.82368
  68.83798
  68.84911
  68.85672
  68.86033
  68.85933
  68.85295
  68.84022
  68.81997
  68.79071
  68.75063
  68.69754
  68.62874
  68.54101
  68.43044
  68.29243
  68.12149
  67.91126
  67.65439
  67.34260
  66.96671
  66.51692
  65.98314
  65.35564
  64.62588
  63.78767
  62.83852
  61.78118
  60.62501
  59.38721
  58.09332
  56.77694
  55.47849
  54.24302
  53.11733
  52.14677
  51.37209
  50.82667
  50.53443
  50.50831
  50.74959
  51.24776
  51.98117
  52.91826
  54.01958
  55.24042
  56.53384
  57.85395
  59.15880
  60.41276
  61.58794
  62.66457
  63.63056
  64.48030
  65.21307
  65.83117
  66.33817
  66.73722
  67.02989
  67.21675
  67.30385
  67.33078
  67.47731
  68.45746
  72.79167
  84.74246
  85.29091
  73.20039
  68.73590
  67.81124
  67.80092
  67.96004
  68.10618
  68.20559
  68.26091
  68.28141
  68.27561
  68.24999
  68.20920
  68.15650
  68.09419
  68.02395
  67.94702
  67.86438
  67.77683
  67.68510
  67.58987
  67.49181
  67.39161
  67.29000
  67.18775
  67.08567
  66.98464
  66.88548
  66.78857
  66.69562
  66.60759
  66.52542
  66.45005
  66.38237
  66.32321
  66.27331
  66.23333
  66.20379
  66.18509
  66.17751
  66.18113
  66.19594
  66.22173
  66.25818
  66.30481
  66.36103
  66.42614
  66.49934
  66.57978
  66.66654
  66.75867
  66.85522
  66.95524
  67.05780
  67.16202
  67.26706
  67.37215
  67.47657
  67.57969
  67.68095
  67.77985
  67.87600
  67.96904
  68.05870
  68.14477
  68.22711
  68.30561
  68.38022
  68.45092
  68.51774
  68.58074
  68.63998
  68.69557
  68.74762
  68.79625
  68.84160
  68.88379
  68.92299
  68.95931
  68.99291
  69.02392
  69.05247
  69.07870
  69.10271
  69.12462
  69.14454
  69.16257
  69.17879
  69.19328
  69.20611
  69.21735
  69.22704
  69.23523
  69.24195
  69.24721
  69.25103
  69.25341
  69.25433
  69.25378
  69.25171
  69.24807
  69.24282
  69.23586
  69.22711
  69.21646
  69.20379
  69.18897
  69.17184
  69.15221
  69.12991
  69.10471
  69.07636
  69.04451
  69.00901
  68.96954
  68.92580
  68.87745
  68.82413
  68.76547
  68.70109
  68.63060
  68.55360
  68.46970
  68.37854
  68.27977
  68.17308
  68.05820
  67.93496
  67.80325
  67.66307
  67.51457
  67.35803
  67.19390
  67.02283
  66.84570
  66.66358
  66.47779
  66.28988
  66.10164
  65.91478
  65.73117
  65.55357
  65.38437
  65.22600
  65.08087
  64.95125
  64.83927
  64.74677
  64.67529
  64.62597
  64.59951
  64.59613
  64.61553
  64.65691
  64.71894
  64.79980
  64.89721
  65.00844
  65.13039
  65.25959
  65.39232
  65.52465
  65.65255
  65.77215
  65.87999
  65.97370
  66.05291
  66.12083
  66.18648
  66.26756
  66.39278
  66.60038
  66.92567
  67.36901
  67.85155
  68.21158
  68.30617
  68.14784
  67.89127
  67.69086
  67.61324
  67.65094
  67.76686
  67.92338
  68.09288
  68.25829
  68.41057
  68.54596
  68.66372
  68.76478
  68.85079
  68.92367
  68.98527
  69.03730
  69.08124
  69.11836
  69.14975
  69.17629
  69.19873
  69.21771
  69.23375
  69.24728
  69.25869
  69.26828
  69.27632
  69.28306
  69.28868
  69.29337
  69.29726
  69.30048
  69.30313
  69.30531
  69.30707
  69.30784
  69.30830
  69.30855
  69.30859
  69.30839
  69.30794
  69.30721
  69.30617
  69.30478
  69.30299
  69.30076
  69.29804
  69.29479
  69.29095
  69.28647
  69.28131
  69.27542
  69.26874
  69.26122
  69.25282
  69.24347
  69.23313
  69.22175
  69.20926
  69.19560
  69.18072
  69.16455
  69.14703
  69.12808
  69.10763
  69.08562
  69.06196
  69.03657
  69.00939
  68.98032
  68.94930
  68.91623
  68.88059
  68.84281
  68.80281
  68.76052
  68.71589
  68.66887
  68.61943
  68.56754
  68.51319
  68.45641
  68.39721
  68.33568
  68.27188
  68.20593
  68.13797
  68.06819
  67.99679
  67.92402
  67.85017
  67.77554
  67.70051
  67.62546
  67.55080
  67.47700
  67.40451
  67.33382
  67.26545
  67.19989
  67.13764
  67.07919
  67.02500
  66.97551
  66.93110
  66.89211
  66.85883
  66.83147
  66.81018
  66.79501
  66.78596
  66.78292
  66.78571
  66.79406
  66.80764
  66.82603
  66.84873
  66.87520
  66.90484
  66.93699
  66.97098
  67.00608
  67.04157
  67.07669
  67.11070
  67.14285
  67.17241
  67.19867
  67.22094
  67.23854
  67.25085
  67.25728
  67.25729
  67.25037
  67.23609
  67.21406
  67.18396
  67.14556
  67.09870
  67.04332
  66.97944
  66.90722
  66.82691
  66.73893
