   0.00000
   0.00000
   0.00000
   0.00000
   0.00000
   0.00000
   0.00000
   0.00000
   0.00000
   0.00000
   0.00000
   0.00000
   0.00000
   0.00000
   0.00000
   0.00000
   0.00000
   0.00000
   0.00000
   0.00000
   0.00000
   0.00000
   0.00000
   0.00000
   0.00000
   0.00000
   0.00000
   0.00000
   0.00000
   0.00000
   0.00000
   0.00000
   0.00000
   0.00000
   0.00000
   0.00000
   0.00000
   0.00000
   0.00000
   0.00000
   0.00000
   0.00000
   0.00000
   0.00000
   0.00000
   0.00000
   0.00000
   0.00000
   0.00000
   0.00000
   0.00000
   0.00000
   0.00000
   0.00000
   0.00000
   0.00000
   0.00000
   0.00000
   0.00000
   0.00000
   0.00000
   0.00000
   0.00000
   0.00000
   0.00000
   0.00000
   0.00000
   0.00000
   0.00000
   0.00000
   0.00000
   0.00000
   0.00000
   0.00000
   0.00000
   0.00000
   0.00000
   0.00000
   0.00000
   0.00000
   0.00000
   0.00000
   0.00000
   0.00000
   0.00000
  -0.00005
  -0.00214
  -0.00470
  -0.00786
  -0.01178
  -0.01669
  -0.02289
  -0.03075
  -0.04081
  -0.05380
  -0.07072
  -0.09298
  -0.12253
  -0.16218
  -0.21592
  -0.28950
  -0.39114
  -0.53244
  -0.72900
  -0.99910
  -1.35424
  -1.75973
  -1.98664
  -1.07861
   4.30779
  21.19366
  36.30122
  17.45851
   2.81145
  -1.40397
  -1.98534
  -1.69262
  -1.28797
  -0.94685
  -0.69043
  -0.50453
  -0.37101
  -0.27490
  -0.20525
  -0.15431
  -0.11666
  -0.08856
  -0.06736
  -0.05122
  -0.03881
  -0.02918
  -0.02165
  -0.01571
  -0.01100
  -0.00722
  -0.00418
  -0.00172
   0.00000
   0.00000
   0.00000
   0.00000
   0.00000
   0.00000
   0.00000
   0.00000
   0.00000
   0.00000
   0.00000
   0.00000
   0.00000
   0.00000
   0.00000
   0.00000
   0.00000
   0.00000
   0.00000
   0.00000
   0.00000
   0.00000
   0.00000
   0.00000
   0.00000
   0.00000
   0.00000
   0.00000
   0.00000
   0.00000
   0.00000
   0.00000
   0.00000
   0.00000
   0.00000
   0.00000
   0.00000
   0.00000
   0.00000
   0.00000
   0.00000
   0.00000
   0.00000
   0.00000
   0.00000
   0.00000
   0.00000
   0.00000
   0.00000
   0.00000
   0.00000
   0.00000
   0.00000
   0.00000
   0.00000
   0.00000
   0.00000
   0.00000
   0.00000
   0.00000
   0.00000
   0.00000
   0.00000
   0.00000
   0.00000
   0.00000
   0.00000
   0.00000
   0.00000
   0.00000
   0.00000
   0.00000
   0.00000
   0.00000
   0.00000
   0.00000
   0.00000
   0.00000
   0.00000
   0.00000
   0.00000
   0.00000
   0.00000
   0.00000
   0.00000
   0.00000
   0.00000
   0.00000
   0.00000
   0.00000
   0.00000
   0.00000
   0.00000
   0.00000
   0.00000
   0.00000
   0.00000
   0.00000
   0.00000
   0.00000
   0.00000
   0.00000
   0.00000
   0.00000
   0.00000
   0.00000
   0.00000
   0.00000
   0.00000
   0.00000
   0.00000
   0.00000
   0.00000
   0.00000
   0.00000
   0.00000
   0.00000
   0.00000
   0.00000
   0.00000
   0.00000
   0.00000
   0.00000
   0.00000
   0.00000
   0.00000
   0.00000
   0.00000
   0.00000
   0.00000
   0.00000
   0.00000
   0.00000
   0.00000
   0.00000
   0.00000
   0.00000
   0.00000
   0.00000
   0.00000
   0.00000
   0.00000
   0.00000
   0.00000
   0.00000
   0.00000
   0.00000
   0.00000
   0.00000
   0.00000
   0.00000
   0.00000
   0.00000
   0.00000
   0.00000
   0.00000
   0.00000
   0.00000
   0.00000
   0.00000
   0.00000
   0.00000
   0.00000
   0.00000
   0.00000
   0.00000
   0.00000
   0.00000
   0.00000
   0.00000
   0.00000
   0.00000
   0.00000
   0.00000
   0.00000
   0.00000
   0.00000
   0.00000
   0.00000
   0.00000
   0.00000
   0.00000
   0.00000
   0.00000
   0.00000
   0.00000
   0.00000
   0.00000
   0.00000
   0.00000
   0.00000
   0.00000
   0.00000
   0.00000
   0.00000
   0.00000
   0.00000
   0.00000
   0.00000
   0.00000
   0.00000
   0.00000
   0.00000
   0.00000
   0.00000
   0.00000
   0.00000
   0.00000
   0.00000
   0.00000
   0.00000
   0.00000
   0.00000
   0.00000
   0.00000
   0.00000
   0.00000
   0.00000
   0.00000
   0.00000
   0.00000
   0.00000
   0.00000
   0.00000
   0.00000
   0.00000
   0.00000
   0.00000
   0.00000
   0.00000
   0.00000
   0.00000
   0.00000
   0.00000
   0.00000
   0.00000
   0.00000
   0.00000
   0.00000
   0.00000
   0.00000
   0.00000
   0.00000
   0.00000
   0.00000
   0.00000
   0.00000
   0.00000
   0.00000
   0.00000
   0.00000
   0.00000
   0.00000
   0.00000
   0.00000
   0.00000
   0.00000
   0.00000
   0.00000
   0.00000
   0.00000
   0.00000
   0.00000
   0.00000
   0.00000
   0.00000
   0.00000
   0.00000
   0.00000
   0.00000
   0.00000
   0.00000
   0.00000
   0.00000
   0.00000
   0.00000
   0.00000
   0.00000
   0.00000
   0.00000
   0.00000
   0.00000
   0.00000
   0.00000
   0.00000
   0.00000
   0.00000
   0.00000
   0.00000
   0.00000
   0.00000
   0.00000
   0.00000
   0.00000
   0.00000
   0.00000
   0.00000
   0.00000
   0.00000
   0.00000
   0.00000
   0.00000
   0.00000
   0.00000
   0.00000
   0.00000
   0.00000
   0.00000
   0.00000
   0.00000
   0.00000
   0.00000
   0.00000
   0.00000
   0.00000
   0.00000
   0.00000
   0.00000
   0.00000
   0.00000
   0.00000
   0.00000
   0.00000
   0.00000
   0.00000
   0.00000
   0.00000
   0.00000
   0.00000
   0.00000
   0.00000
   0.00000
   0.00000
   0.00000
   0.00000
   0.00000
   0.00000
   0.00000
   0.00000
   0.00000
   0.00000
   0.00000
   0.00000
   0.00000
   0.00000
   0.00000
   0.00000
   0.00000
   0.00000
   0.00000
   0.00000
   0.00000
   0.00000
   0.00000
   0.00000
   0.00000
   0.00000
   0.00000
   0.00000
   0.00000
   0.00000
   0.00000
   0.00000
   0.00000
   0.00000
   0.00000
   0.00000
   0.00000
   0.00000
   0.00000
   0.00000
   0.00000
   0.00000
   0.00000
   0.00000
   0.00000
   0.00000
   0.00000
   0.00000
   0.00000
   0.00000
   0.00000
   0.00000
   0.00000
   0.00000
   0.00000
   0.00000
   0.00000
   0.00000
   0.00000
   0.00000
   0.00000
   0.00000
   0.00000
   0.00000
   0.00000
   0.00000
   0.00000
   0.00000
   0.00000
   0.00000
   0.00000
   0.00000
   0.00000
   0.00000
   0.00000
   0.00000
   0.00000
   0.00000
   0.00000
   0.00000
   0.00000
   0.00000
   0.00000
   0.00000
   0.00000
   0.00000
   0.00000
   0.00000
   0.00000
  -0.00002
  -0.00023
  -0.00043
  -0.00064
  -0.00085
  -0.00107
  -0.00128
  -0.00151
  -0.00173
  -0.00196
  -0.00219
  -0.00242
  -0.00266
  -0.00290
  -0.00314
  -0.00339
  -0.00364
  -0.00390
  -0.00415
  -0.00441
  -0.00468
  -0.00494
  -0.00521
  -0.00548
  -0.00576
  -0.00604
  -0.00632
  -0.00660
  -0.00689
  -0.00718
  -0.00748
  -0.00777
  -0.00807
  -0.00837
  -0.00868
  -0.00898
  -0.00929
  -0.00961
  -0.00992
  -0.01024
  -0.01056
  -0.01088
  -0.01120
  -0.01152
  -0.01185
  -0.01218
  -0.01251
  -0.01284
  -0.01317
  -0.01350
  -0.01384
  -0.01417
  -0.01451
  -0.01485
  -0.01518
  -0.01552
  -0.01586
  -0.01620
  -0.01653
  -0.01687
  -0.01721
  -0.01754
  -0.01788
  -0.01821
  -0.01855
  -0.01888
  -0.01921
  -0.01954
  -0.01986
  -0.02019
  -0.02051
  -0.02083
  -0.02115
  -0.02146
  -0.02177
  -0.02208
  -0.02238
  -0.02268
  -0.02297
  -0.02326
  -0.02355
  -0.02383
  -0.02411
  -0.02438
  -0.02465
  -0.02491
  -0.02516
  -0.02541
  -0.02566
  -0.02589
  -0.02612
  -0.02635
  -0.02657
  -0.02677
  -0.02698
  -0.02717
  -0.02736
  -0.02754
  -0.02771
  -0.02788
  -0.02803
  -0.02818
  -0.02832
  -0.02845
  -0.02857
  -0.02868
  -0.02879
  -0.02888
  -0.02897
  -0.02905
  -0.02911
  -0.02917
  -0.02922
  -0.02926
  -0.02929
  -0.02931
  -0.02932
  -0.02932
  -0.02932
  -0.02930
  -0.02927
  -0.02924
  -0.02919
  -0.02914
  -0.02907
  -0.02900
  -0.02892
  -0.02882
  -0.02872
  -0.02861
  -0.02850
  -0.02837
  -0.02823
  -0.02809
  -0.02794
  -0.02777
  -0.02761
  -0.02743
  -0.02724
  -0.02705
  -0.02685
  -0.02664
  -0.02643
  -0.02621
  -0.02598
  -0.02575
  -0.02551
  -0.02526
  -0.02501
  -0.02475
  -0.02448
  -0.02421
  -0.02394
  -0.02366
  -0.02337
  -0.02308
  -0.02279
  -0.02249
  -0.02219
  -0.02188
  -0.02158
  -0.02126
  -0.02095
  -0.02063
  -0.02031
  -0.01999
  -0.01966
  -0.01933
  -0.01900
  -0.01867
  -0.01834
  -0.01800
  -0.01767
  -0.01733
  -0.01700
  -0.01666
  -0.01632
  -0.01598
  -0.01565
  -0.01531
  -0.01497
  -0.01464
  -0.01430
  -0.01396
  -0.01363
  -0.01329
  -0.01296
  -0.01263
  -0.01230
  -0.01197
  -0.01164
  -0.01132
  -0.01100
  -0.01067
  -0.01036
  -0.01004
  -0.00972
  -0.00941
  -0.00910
  -0.00879
  -0.00849
  -0.00818
  -0.00788
  -0.00759
  -0.00729
  -0.00700
  -0.00671
  -0.00643
  -0.00614
  -0.00586
  -0.00559
  -0.00531
  -0.00504
  -0.00477
  -0.00451
  -0.00425
  -0.00399
  -0.00374
  -0.00348
  -0.00324
  -0.00299
  -0.00275
  -0.00251
  -0.00228
  -0.00204
  -0.00181
  -0.00159
  -0.00137
  -0.00115
  -0.00093
  -0.00072
  -0.00051
  -0.00030
  -0.00010
   0.00000
   0.00000
   0.00000
   0.00000
   0.00000
   0.00000
   0.00000
   0.00000
   0.00000
   0.00000
   0.00000
   0.00000
   0.00000
   0.00000
   0.00000
   0.00000
   0.00000
   0.00000
   0.00000
   0.00000
   0.00000
   0.00000
   0.00000
   0.00000
   0.00000
   0.00000
   0.00000
   0.00000
   0.00000
   0.00000
   0.00000
   0.00000
   0.00000
   0.00000
   0.00000
   0.00000
   0.00000
   0.00000
   0.00000
   0.00000
   0.00000
   0.00000
   0.00000
   0.00000
   0.00000
   0.00000
   0.00000
   0.00000
   0.00000
   0.00000
   0.00000
   0.00000
   0.00000
   0.00000
   0.00000
   0.00000
   0.00000
   0.00000
   0.00000
   0.00000
   0.00000
   0.00000
   0.00000
   0.00000
   0.00000
   0.00000
   0.00000
   0.00000
   0.00000
   0.00000
  -0.00010
  -0.00091
  -0.00175
  -0.00261
  -0.00349
  -0.00438
  -0.00528
  -0.00616
  -0.00703
  -0.00786
  -0.00866
  -0.00940
  -0.01008
  -0.01068
  -0.01119
  -0.01161
  -0.01193
  -0.01213
  -0.01222
  -0.01219
  -0.01205
  -0.01179
  -0.01142
  -0.01096
  -0.01040
  -0.00976
  -0.00905
  -0.00828
  -0.00747
  -0.00661
  -0.00574
  -0.00485
  -0.00396
  -0.00307
  -0.00220
  -0.00134
  -0.00052
   0.00000
   0.00000
   0.00000
   0.00000
   0.00000
   0.00000
   0.00000
   0.00000
   0.00000
   0.00000
   0.00000
   0.00000
   0.00000
   0.00000
   0.00000
   0.00000
   0.00000
   0.00000
   0.00000
   0.00000
   0.00000
   0.00000
   0.00000
   0.00000
   0.00000
   0.00000
   0.00000
   0.00000
   0.00000
   0.00000
   0.00000
   0.00000
   0.00000
   0.00000
   0.00000
   0.00000
   0.00000
   0.00000
   0.00000
   0.00000
   0.00000
   0.00000
   0.00000
   0.00000
   0.00000
   0.00000
   0.00000
   0.00000
   0.00000
   0.00000
   0.00000
   0.00000
   0.00000
   0.00000
   0.00000
   0.00000
   0.00000
   0.00000
   0.00000
   0.00000
   0.00000
   0.00000
   0.00000
  -0.00013
  -0.00094
  -0.00182
  -0.00278
  -0.00382
  -0.00496
  -0.00620
  -0.00755
  -0.00903
  -0.01065
  -0.01242
  -0.01437
  -0.01651
  -0.01886
  -0.02145
  -0.02430
  -0.02746
  -0.03094
  -0.03480
  -0.03909
  -0.04384
  -0.04914
  -0.05503
  -0.06161
  -0.06897
  -0.07721
  -0.08646
  -0.09686
  -0.10857
  -0.12178
  -0.13672
  -0.15365
  -0.17288
  -0.19476
  -0.21971
  -0.24822
  -0.28089
  -0.31838
  -0.36152
  -0.41124
  -0.46865
  -0.53505
  -0.61192
  -0.70093
  -0.80390
  -0.92271
  -1.05900
  -1.21370
  -1.38592
  -1.57099
  -1.75643
  -1.91457
  -1.98902
  -1.87232
  -1.37761
  -0.23597
   1.76623
   4.32455
   6.11558
   5.69142
   3.43031
   0.97064
  -0.72551
  -1.60864
  -1.94444
  -1.97789
  -1.86524
  -1.69301
  -1.50554
  -1.32405
  -1.15766
  -1.00941
  -0.87937
  -0.76629
  -0.66839
  -0.58382
  -0.51078
  -0.44768
  -0.39308
  -0.34578
  -0.30471
  -0.26898
  -0.23784
  -0.21063
  -0.18680
  -0.16589
  -0.14751
  -0.13130
  -0.11699
  -0.10432
  -0.09309
  -0.08311
  -0.07423
  -0.06631
  -0.05924
  -0.05290
  -0.04723
  -0.04213
  -0.03754
  -0.03341
  -0.02969
  -0.02632
  -0.02328
  -0.02052
  -0.01801
  -0.01574
  -0.01367
  -0.01178
  -0.01007
  -0.00850
  -0.00706
  -0.00575
  -0.00455
  -0.00345
  -0.00243
  -0.00150
  -0.00065
   0.00000
   0.00000
   0.00000
   0.00000
   0.00000
   0.00000
   0.00000
   0.00000
   0.00000
   0.00000
   0.00000
   0.00000
   0.00000
   0.00000
   0.00000
   0.00000
   0.00000
   0.00000
   0.00000
   0.00000
   0.00000
   0.00000
   0.00000
   0.00000
   0.00000
   0.00000
   0.00000
   0.00000
   0.00000
   0.00000
   0.00000
   0.00000
   0.00000
   0.00000
   0.00000
   0.00000
   0.00000
   0.00000
   0.00000
   0.00000
   0.00000
   0.00000
   0.00000
   0.00000
   0.00000
   0.00000
   0.00000
   0.00000
   0.00000
   0.00000
   0.00000
   0.00000
   0.00000
   0.00000
   0.00000
   0.00000
   0.00000
   0.00000
   0.00000
   0.00000
   0.00000
   0.00000
   0.00000
   0.00000
   0.00000
   0.00000
   0.00000
   0.00000
   0.00000
   0.00000
   0.00000
   0.00000
   0.00000
   0.00000
   0.00000
   0.00000
   0.00000
   0.00000
   0.00000
   0.00000
   0.00000
   0.00000
   0.00000
   0.00000
   0.00000
   0.00000
   0.00000
   0.00000
   0.00000
   0.00000
   0.00000
   0.00000
   0.00000
   0.00000
   0.00000
   0.00000
   0.00000
   0.00000
   0.00000
   0.00000
   0.00000
   0.00000
  -0.00075
  -0.00192
  -0.00323
  -0.00470
  -0.00634
  -0.00819
  -0.01026
  -0.01260
  -0.01524
  -0.01822
  -0.02160
  -0.02544
  -0.02980
  -0.03477
  -0.04045
  -0.04695
  -0.05441
  -0.06297
  -0.07284
  -0.08423
  -0.09740
  -0.11268
  -0.13043
  -0.15111
  -0.17524
  -0.20345
  -0.23652
  -0.27533
  -0.32096
  -0.37466
  -0.43792
  -0.51242
  -0.60010
  -0.70305
  -0.82342
  -0.96312
  -1.12331
  -1.30332
  -1.49871
  -1.69777
  -1.87531
  -1.98239
  -1.93148
  -1.58245
  -0.75489
   0.66507
   2.44973
   3.78603
   3.74849
   2.36648
   0.58528
  -0.80755
  -1.60845
  -1.93934
  -1.97999
  -1.86795
  -1.68851
  -1.48919
  -1.29435
  -1.11522
  -0.95602
  -0.81727
  -0.69777
  -0.59560
  -0.50859
  -0.43467
  -0.37190
  -0.31862
  -0.27334
  -0.23482
  -0.20201
  -0.17400
  -0.15005
  -0.12952
  -0.11190
  -0.09673
  -0.08365
  -0.07233
  -0.06254
  -0.05403
  -0.04662
  -0.04017
  -0.03452
  -0.02958
  -0.02524
  -0.02143
  -0.01807
  -0.01511
  -0.01248
  -0.01016
  -0.00810
  -0.00626
  -0.00463
  -0.00317
  -0.00187
  -0.00070
   0.00000
   0.00000
   0.00000
   0.00000
   0.00000
   0.00000
   0.00000
   0.00000
   0.00000
   0.00000
   0.00000
   0.00000
   0.00000
   0.00000
   0.00000
   0.00000
   0.00000
   0.00000
   0.00000
   0.00000
   0.00000
   0.00000
   0.00000
   0.00000
   0.00000
   0.00000
   0.00000
   0.00000
   0.00000
   0.00000
   0.00000
   0.00000
   0.00000
   0.00000
   0.00000
   0.00000
   0.00000
   0.00000
   0.00000
   0.00000
   0.00000
   0.00000
   0.00000
   0.00000
   0.00000
   0.00000
   0.00000
   0.00000
   0.00000
   0.00000
   0.00000
   0.00000
   0.00000
   0.00000
   0.00000
   0.00000
   0.00000
   0.00000
   0.00000
   0.00000
   0.00000
   0.00000
   0.00000
   0.00000
   0.00000
   0.00000
   0.00000
   0.00000
   0.00000
   0.00000
   0.00000
   0.00000
   0.00000
   0.00000
   0.00000
   0.00000
   0.00000
   0.00000
   0.00000
   0.00000
   0.00000
   0.00000
   0.00000
   0.00000
   0.00000
   0.00000
   0.00000
   0.00000
   0.00000
   0.00000
   0.00000
   0.00000
   0.00000
   0.00000
   0.00000
   0.00000
   0.00000
   0.00000
   0.00000
   0.00000
   0.00000
   0.00000
   0.00000
   0.00000
   0.00000
   0.00000
   0.00000
   0.00000
   0.00000
   0.00000
   0.00000
   0.00000
   0.00000
   0.00000
   0.00000
   0.00000
   0.00000
   0.00000
   0.00000
   0.00000
   0.00000
   0.00000
   0.00000
   0.00000
   0.00000
   0.00000
   0.00000
   0.00000
   0.00000
   0.00000
   0.00000
   0.00000
   0.00000
   0.00000
   0.00000
   0.00000
   0.00000
   0.00000
   0.00000
   0.00000
   0.00000
   0.00000
   0.00000
   0.00000
   0.00000
   0.00000
   0.00000
   0.00000
   0.00000
   0.00000
   0.00000
   0.00000
   0.00000
   0.00000
   0.00000
   0.00000
   0.00000
   0.00000
   0.00000
   0.00000
   0.00000
   0.00000
   0.00000
   0.00000
   0.00000
   0.00000
   0.00000
   0.00000
   0.00000
   0.00000
   0.00000
   0.00000
   0.00000
   0.00000
   0.00000
   0.00000
   0.00000
   0.00000
   0.00000
   0.00000
   0.00000
   0.00000
   0.00000
   0.00000
   0.00000
   0.00000
   0.00000
   0.00000
   0.00000
   0.00000
   0.00000
   0.00000
   0.00000
  -0.00021
  -0.00066
  -0.00114
  -0.00165
  -0.00220
  -0.00278
  -0.00341
  -0.00408
  -0.00480
  -0.00557
  -0.00639
  -0.00727
  -0.00822
  -0.00923
  -0.01032
  -0.01148
  -0.01273
  -0.01406
  -0.01548
  -0.01700
  -0.01862
  -0.02035
  -0.02220
  -0.02415
  -0.02623
  -0.02843
  -0.03076
  -0.03321
  -0.03579
  -0.03849
  -0.04132
  -0.04426
  -0.04732
  -0.05047
  -0.05371
  -0.05702
  -0.06039
  -0.06379
  -0.06720
  -0.07059
  -0.07394
  -0.07720
  -0.08035
  -0.08336
  -0.08618
  -0.08878
  -0.09113
  -0.09319
  -0.09494
  -0.09634
  -0.09738
  -0.09804
  -0.09831
  -0.09818
  -0.09765
  -0.09674
  -0.09545
  -0.09380
  -0.09182
  -0.08955
  -0.08726
  -0.08518
  -0.08295
  -0.08061
  -0.07819
  -0.07573
  -0.07327
  -0.07085
  -0.06850
  -0.06625
  -0.06412
  -0.06213
  -0.06031
  -0.05868
  -0.05724
  -0.05600
  -0.05497
  -0.05415
  -0.05355
  -0.05317
  -0.05299
  -0.05302
  -0.05325
  -0.05366
  -0.05426
  -0.05503
  -0.05595
  -0.05701
  -0.05821
  -0.05951
  -0.06091
  -0.06239
  -0.06392
  -0.06550
  -0.06711
  -0.06871
  -0.07030
  -0.07186
  -0.07336
  -0.07479
  -0.07614
  -0.07737
  -0.07849
  -0.07947
  -0.08030
  -0.08098
  -0.08148
  -0.08181
  -0.08196
  -0.08193
  -0.08172
  -0.08132
  -0.08075
  -0.08000
  -0.07909
  -0.07803
  -0.07681
  -0.07546
  -0.07400
  -0.07242
  -0.07075
  -0.06899
  -0.06718
  -0.06531
  -0.06340
  -0.06147
  -0.05953
  -0.05758
  -0.05565
  -0.05374
  -0.05187
  -0.05003
  -0.04824
  -0.04650
  -0.04482
  -0.04321
  -0.04166
  -0.04018
  -0.03878
  -0.03745
  -0.03620
  -0.03502
  -0.03391
  -0.03288
  -0.03192
  -0.03104
  -0.03022
  -0.02948
  -0.02880
  -0.02818
  -0.02763
  -0.02713
  -0.02670
  -0.02631
  -0.02598
  -0.02570
  -0.02547
  -0.02572
  -0.02620
  -0.02668
  -0.02717
  -0.02766
  -0.02816
  -0.02865
  -0.02915
  -0.02966
  -0.03016
  -0.03067
  -0.03118
  -0.03169
  -0.03220
  -0.03271
  -0.03323
  -0.03375
  -0.03426
  -0.03478
  -0.03530
  -0.03583
  -0.03635
  -0.03687
  -0.03739
  -0.03791
  -0.03844
  -0.03896
  -0.03948
  -0.04000
  -0.04052
  -0.04104
  -0.04156
  -0.04208
  -0.04259
  -0.04310
  -0.04361
  -0.04412
  -0.04463
  -0.04513
  -0.04563
  -0.04613
  -0.04663
  -0.04712
  -0.04760
  -0.04850
  -0.04959
  -0.05069
  -0.05181
  -0.05295
  -0.05410
  -0.05527
  -0.05644
  -0.05762
  -0.05881
  -0.06001
  -0.06120
  -0.06239
  -0.06358
  -0.06475
  -0.06591
  -0.06705
  -0.06817
  -0.06926
  -0.07031
  -0.07133
  -0.07230
  -0.07323
  -0.07410
  -0.07491
  -0.07567
  -0.07635
  -0.07697
  -0.07752
  -0.07799
  -0.07839
  -0.07871
  -0.07895
  -0.07911
  -0.07919
  -0.07920
  -0.07913
  -0.07899
  -0.07878
  -0.07850
  -0.07815
  -0.07775
  -0.07729
  -0.07679
  -0.07623
  -0.07564
  -0.07500
  -0.07434
  -0.07364
  -0.07293
  -0.07219
  -0.07144
  -0.07068
  -0.06991
  -0.06914
  -0.06836
  -0.06758
  -0.06681
  -0.06604
  -0.06528
  -0.06452
  -0.06377
  -0.06304
  -0.06231
  -0.06180
  -0.06165
  -0.06150
  -0.06133
  -0.06115
  -0.06097
  -0.06077
  -0.06055
  -0.06033
  -0.06010
  -0.05986
  -0.05960
  -0.05934
  -0.05907
  -0.05878
  -0.05849
  -0.05818
  -0.05787
  -0.05755
  -0.05722
  -0.05688
  -0.05653
  -0.05617
  -0.05581
  -0.05618
  -0.05687
  -0.05766
  -0.05858
  -0.05963
  -0.06085
  -0.06224
  -0.06384
  -0.06567
  -0.06776
  -0.07016
  -0.07291
  -0.07606
  -0.07967
  -0.08380
  -0.08854
  -0.09399
  -0.10025
  -0.10746
  -0.11577
  -0.12536
  -0.13645
  -0.14931
  -0.16423
  -0.18158
  -0.20181
  -0.22545
  -0.25314
  -0.28563
  -0.32386
  -0.36895
  -0.42222
  -0.48527
  -0.56001
  -0.64863
  -0.75366
  -0.87777
  -1.02356
  -1.19285
  -1.38522
  -1.59500
  -1.80501
  -1.97422
  -2.01389
  -1.74690
  -0.85988
   1.06277
   4.12721
   7.12819
   7.61855
   5.09717
   1.84621
  -0.42771
  -1.56887
  -1.97401
  -1.99803
  -1.85427
  -1.65129
  -1.44043
  -1.24412
  -1.07065
  -0.92168
  -0.79604
  -0.69154
  -0.60581
  -0.53673
  -0.48259
  -0.44217
  -0.41484
  -0.40058
  -0.40007
  -0.41484
  -0.44746
  -0.50178
  -0.58326
  -0.69916
  -0.85849
  -1.07079
  -1.34166
  -1.65953
  -1.95927
  -2.02700
  -1.27480
   1.62643
   8.31728
  15.85610
  14.19185
   5.99746
   0.47651
  -1.60555
  -2.01414
  -1.83142
  -1.50283
  -1.18333
  -0.91616
  -0.70537
  -0.54309
  -0.41935
  -0.32516
  -0.25414
  -0.19984
  -0.15807
  -0.12571
  -0.10047
  -0.08064
  -0.06495
  -0.05244
  -0.04240
  -0.03428
  -0.02766
  -0.02224
  -0.01776
  -0.01403
  -0.01091
  -0.00828
  -0.00605
  -0.00509
  -0.00484
  -0.00458
  -0.00433
  -0.00408
  -0.00384
  -0.00359
  -0.00336
  -0.00312
  -0.00289
  -0.00267
  -0.00244
  -0.00222
  -0.00201
  -0.00179
  -0.00158
  -0.00138
  -0.00117
  -0.00097
  -0.00141
  -0.00212
  -0.00292
  -0.00381
  -0.00481
  -0.00608
  -0.00750
  -0.00906
  -0.01077
  -0.01266
  -0.01473
  -0.01703
  -0.01956
  -0.02236
  -0.02546
  -0.02890
  -0.03323
  -0.03808
  -0.04344
  -0.04942
  -0.05608
  -0.06346
  -0.07166
  -0.08080
  -0.09100
  -0.10242
  -0.11521
  -0.12960
  -0.14580
  -0.16409
  -0.18479
  -0.20828
  -0.23499
  -0.26543
  -0.30022
  -0.34005
  -0.38575
  -0.43829
  -0.49879
  -0.56855
  -0.64902
  -0.74182
  -0.84866
  -0.97121
  -1.11079
  -1.26781
  -1.44067
  -1.62364
  -1.80315
  -1.95082
  -2.01190
  -1.88773
  -1.41810
  -0.39409
   1.31133
   3.39528
   4.83412
   4.56631
   2.80953
   0.75999
  -0.75480
  -1.60001
  -1.95142
  -2.00989
  -1.91702
  -1.75693
  -1.57531
  -1.39539
  -1.22798
  -1.07733
  -0.94434
  -0.82827
  -0.72766
  -0.64082
  -0.56608
  -0.50186
  -0.44678
  -0.39960
  -0.35927
  -0.32489
  -0.29567
  -0.27098
  -0.25026
  -0.23304
  -0.21894
  -0.20763
  -0.19885
  -0.19236
  -0.18818
  -0.18632
  -0.18630
  -0.18801
  -0.19139
  -0.19639
  -0.20298
  -0.21116
  -0.22091
  -0.23225
  -0.24520
  -0.25980
  -0.27609
  -0.29410
  -0.31390
  -0.33555
  -0.35909
  -0.38459
  -0.41210
  -0.44170
  -0.47342
  -0.50731
  -0.54341
  -0.58175
  -0.62232
  -0.66513
  -0.71085
  -0.75877
  -0.80871
  -0.86056
  -0.91420
  -0.96945
  -1.02609
  -1.08387
  -1.14251
  -1.20165
  -1.26093
  -1.31991
  -1.37816
  -1.43519
  -1.49050
  -1.54359
  -1.59397
  -1.64119
  -1.68483
  -1.72454
  -1.76008
  -1.79129
  -1.81810
  -1.84056
  -1.85880
  -1.87301
  -1.88341
  -1.89020
  -1.89354
  -1.89352
  -1.89014
  -1.88332
  -1.87288
  -1.85863
  -1.84034
  -1.81783
  -1.79097
  -1.75972
  -1.72414
  -1.68438
  -1.64070
  -1.59344
  -1.54303
  -1.48991
  -1.43458
  -1.37754
  -1.31928
  -1.26029
  -1.20101
  -1.14187
  -1.08325
  -1.02547
  -0.96884
  -0.91361
  -0.86000
  -0.80816
  -0.75824
  -0.71035
  -0.66454
  -0.62087
  -0.57936
  -0.54000
  -0.50278
  -0.46766
  -0.43459
  -0.40351
  -0.37435
  -0.34705
  -0.32152
  -0.29768
  -0.27545
  -0.25474
  -0.23548
  -0.21756
  -0.20093
  -0.18548
  -0.17116
  -0.15789
  -0.14559
  -0.13420
  -0.12365
  -0.11390
  -0.10487
  -0.09652
  -0.08879
  -0.08165
  -0.07504
  -0.06893
  -0.06328
  -0.05805
  -0.05322
  -0.04874
  -0.04460
  -0.04077
  -0.03723
  -0.03394
  -0.03090
  -0.02808
  -0.02547
  -0.02304
  -0.02080
  -0.01871
  -0.01678
  -0.01498
  -0.01331
  -0.01176
  -0.01032
  -0.00898
  -0.00773
  -0.00657
  -0.00549
  -0.00448
  -0.00354
  -0.00267
  -0.00185
  -0.00109
  -0.00038
   0.00000
   0.00000
   0.00000
   0.00000
   0.00000
   0.00000
   0.00000
   0.00000
   0.00000
   0.00000
   0.00000
   0.00000
   0.00000
   0.00000
  -0.00002
  -0.00082
  -0.00169
  -0.00263
  -0.00364
  -0.00474
  -0.00592
  -0.00721
  -0.00860
  -0.01010
  -0.01173
  -0.01350
  -0.01541
  -0.01749
  -0.01973
  -0.02217
  -0.02480
  -0.02766
  -0.03075
  -0.03410
  -0.03773
  -0.04165
  -0.04589
  -0.05047
  -0.05542
  -0.06076
  -0.06652
  -0.07273
  -0.07940
  -0.08657
  -0.09427
  -0.10251
  -0.11132
  -0.12073
  -0.13075
  -0.14139
  -0.15267
  -0.16459
  -0.17715
  -0.19034
  -0.20414
  -0.21853
  -0.23347
  -0.24890
  -0.26478
  -0.28102
  -0.29754
  -0.31424
  -0.33101
  -0.34773
  -0.36427
  -0.38048
  -0.39622
  -0.41134
  -0.42568
  -0.43908
  -0.45141
  -0.46251
  -0.47226
  -0.48053
  -0.48723
  -0.49226
  -0.49557
  -0.49710
  -0.49685
  -0.49482
  -0.49102
  -0.48551
  -0.47836
  -0.46967
  -0.45953
  -0.44807
  -0.43542
  -0.42174
  -0.40717
  -0.39186
  -0.37597
  -0.35965
  -0.34305
  -0.32630
  -0.30954
  -0.29288
  -0.27643
  -0.26028
  -0.24452
  -0.22922
  -0.21443
  -0.20021
  -0.18657
  -0.17356
  -0.16118
  -0.14944
  -0.13834
  -0.12787
  -0.11803
  -0.10879
  -0.10014
  -0.09205
  -0.08451
  -0.07748
  -0.07094
  -0.06486
  -0.05922
  -0.05399
  -0.04915
  -0.04466
  -0.04052
  -0.03668
  -0.03313
  -0.02986
  -0.02683
  -0.02404
  -0.02146
  -0.01908
  -0.01689
  -0.01486
  -0.01299
  -0.01126
  -0.00967
  -0.00820
  -0.00684
  -0.00558
  -0.00442
  -0.00335
  -0.00236
  -0.00144
  -0.00059
   0.00000
  -0.00044
  -0.00100
  -0.00159
  -0.00221
  -0.00287
  -0.00356
  -0.00430
  -0.00509
  -0.00591
  -0.00679
  -0.00772
  -0.00871
  -0.00976
  -0.01088
  -0.01206
  -0.01332
  -0.01466
  -0.01643
  -0.01833
  -0.02033
  -0.02246
  -0.02471
  -0.02709
  -0.02962
  -0.03230
  -0.03514
  -0.03815
  -0.04136
  -0.04476
  -0.04839
  -0.05224
  -0.05635
  -0.06073
  -0.06540
  -0.07038
  -0.07571
  -0.08140
  -0.08749
  -0.09402
  -0.10101
  -0.10852
  -0.11658
  -0.12525
  -0.13457
  -0.14462
  -0.15545
  -0.16714
  -0.17977
  -0.19344
  -0.20824
  -0.22428
  -0.24168
  -0.26060
  -0.28117
  -0.30358
  -0.32801
  -0.35468
  -0.38382
  -0.41570
  -0.45061
  -0.48889
  -0.53091
  -0.57706
  -0.62779
  -0.68358
  -0.74498
  -0.81252
  -0.88678
  -0.96833
  -1.05768
  -1.15518
  -1.26095
  -1.37462
  -1.49502
  -1.61965
  -1.74388
  -1.85977
  -1.95425
  -2.00697
  -1.98779
  -1.85594
  -1.56427
  -1.07620
  -0.40280
   0.34700
   0.95019
   1.15886
   0.87409
   0.22957
  -0.51972
  -1.16662
  -1.62104
  -1.88301
  -1.99279
  -1.99719
  -1.93536
  -1.83570
  -1.71722
  -1.59200
  -1.46736
  -1.34751
  -1.23469
  -1.12991
  -1.03345
  -0.94513
  -0.86457
  -0.79125
  -0.72460
  -0.66405
  -0.60905
  -0.55907
  -0.51365
  -0.47233
  -0.43472
  -0.40046
  -0.36922
  -0.34072
  -0.31468
  -0.29089
  -0.26912
  -0.24919
  -0.23092
  -0.21417
  -0.19880
  -0.18468
  -0.17170
  -0.15976
  -0.14878
  -0.13867
  -0.12936
  -0.12078
  -0.11287
  -0.10558
  -0.09885
  -0.09264
  -0.08692
  -0.08164
  -0.07676
  -0.07227
  -0.06813
  -0.06431
  -0.06079
  -0.05755
  -0.05458
  -0.05184
  -0.04934
  -0.04704
  -0.04495
  -0.04303
  -0.04130
  -0.03972
  -0.03831
  -0.03703
  -0.03590
  -0.03489
  -0.03401
  -0.03325
  -0.03260
  -0.03206
  -0.03162
  -0.03128
  -0.03104
  -0.03089
  -0.03083
  -0.03085
  -0.03096
  -0.03116
  -0.03143
  -0.03179
  -0.03222
  -0.03273
  -0.03332
  -0.03399
  -0.03490
  -0.03622
  -0.03759
  -0.03901
  -0.04048
  -0.04202
  -0.04361
  -0.04527
  -0.04699
  -0.04878
  -0.05065
  -0.05259
  -0.05460
  -0.05670
  -0.05889
  -0.06116
  -0.06353
  -0.06599
  -0.06856
  -0.07124
  -0.07403
  -0.07694
  -0.07997
  -0.08314
  -0.08644
  -0.08989
  -0.09349
  -0.09726
  -0.10119
  -0.10531
  -0.10961
  -0.11411
  -0.11883
  -0.12376
  -0.12894
  -0.13436
  -0.14005
  -0.14602
  -0.15228
  -0.15887
  -0.16579
  -0.17307
  -0.18073
  -0.18879
  -0.19729
  -0.20625
  -0.21571
  -0.22569
  -0.23624
  -0.24740
  -0.25921
  -0.27171
  -0.28497
  -0.29904
  -0.31397
  -0.32985
  -0.34675
  -0.36474
  -0.38393
  -0.40440
  -0.42628
  -0.44969
  -0.47475
  -0.50163
  -0.53048
  -0.56148
  -0.59484
  -0.63079
  -0.66955
  -0.71141
  -0.75666
  -0.80560
  -0.85859
  -0.91597
  -0.97812
  -1.04540
  -1.11815
  -1.19662
  -1.28095
  -1.37103
  -1.46639
  -1.56591
  -1.66751
  -1.76762
  -1.86042
  -1.93678
  -1.98303
  -1.97957
  -1.90029
  -1.71445
  -1.39427
  -0.93226
  -0.36833
   0.18757
   0.57053
   0.63708
   0.35993
  -0.15183
  -0.72951
  -1.23768
  -1.61179
  -1.84509
  -1.96044
  -1.98881
  -1.95847
  -1.89145
  -1.80350
  -1.70528
  -1.60371
  -1.50310
  -1.40602
  -1.31388
  -1.22737
  -1.14672
  -1.07186
  -1.00257
  -0.93854
  -0.87942
  -0.82483
  -0.77441
  -0.72782
  -0.68473
  -0.64484
  -0.60786
  -0.57356
  -0.54169
  -0.51206
  -0.48446
  -0.45873
  -0.43472
  -0.41228
  -0.39128
  -0.37162
  -0.35319
  -0.33588
  -0.31963
  -0.30434
  -0.28995
  -0.27639
  -0.26360
  -0.25153
  -0.24013
  -0.22935
  -0.21915
  -0.20949
  -0.20034
  -0.19166
  -0.18343
  -0.17561
  -0.16818
  -0.16112
  -0.15440
  -0.14800
  -0.14191
  -0.13611
  -0.13057
  -0.12530
  -0.12026
  -0.11545
  -0.11086
  -0.10646
  -0.10227
  -0.09825
  -0.09441
  -0.09073
  -0.08720
  -0.08383
  -0.08059
  -0.07749
  -0.07451
  -0.07166
  -0.06892
  -0.06628
  -0.06376
  -0.06133
  -0.05899
  -0.05675
  -0.05459
  -0.05252
  -0.05052
  -0.04860
  -0.04675
  -0.04497
  -0.04325
  -0.04160
  -0.04000
  -0.03847
  -0.03699
  -0.03556
  -0.03418
  -0.03285
  -0.03157
  -0.03033
  -0.02913
  -0.02798
  -0.02686
  -0.02578
  -0.02474
  -0.02373
  -0.02276
  -0.02182
  -0.02091
  -0.02003
  -0.01918
  -0.01835
  -0.01755
  -0.01678
  -0.01604
  -0.01531
  -0.01461
  -0.01393
  -0.01327
  -0.01264
  -0.01202
  -0.01142
  -0.01084
  -0.01028
  -0.00973
  -0.00920
  -0.00869
  -0.00819
  -0.00771
  -0.00724
  -0.00678
  -0.00634
  -0.00591
  -0.00550
  -0.00509
  -0.00470
  -0.00432
  -0.00395
  -0.00359
  -0.00324
  -0.00290
  -0.00257
  -0.00224
  -0.00193
  -0.00163
  -0.00133
  -0.00104
  -0.00077
  -0.00049
  -0.00023
   0.00000
   0.00000
   0.00000
   0.00000
   0.00000
   0.00000
   0.00000
   0.00000
   0.00000
   0.00000
   0.00000
   0.00000
   0.00000
   0.00000
   0.00000
   0.00000
   0.00000
   0.00000
   0.00000
   0.00000
   0.00000
   0.00000
  -0.00003
  -0.00115
  -0.00241
  -0.00380
  -0.00535
  -0.00707
  -0.00899
  -0.01113
  -0.01351
  -0.01617
  -0.01912
  -0.02241
  -0.02607
  -0.03013
  -0.03464
  -0.03964
  -0.04518
  -0.05130
  -0.05806
  -0.06548
  -0.07363
  -0.08254
  -0.09224
  -0.10276
  -0.11411
  -0.12630
  -0.13930
  -0.15308
  -0.16756
  -0.18266
  -0.19824
  -0.21415
  -0.23020
  -0.24616
  -0.26180
  -0.27685
  -0.29101
  -0.30401
  -0.31556
  -0.32539
  -0.33328
  -0.33903
  -0.34249
  -0.34358
  -0.34226
  -0.33857
  -0.33260
  -0.32451
  -0.31449
  -0.30279
  -0.28966
  -0.27540
  -0.26029
  -0.24460
  -0.22861
  -0.21257
  -0.19668
  -0.18114
  -0.16756
  -0.15495
  -0.14336
  -0.13292
  -0.12375
  -0.11595
  -0.10964
  -0.10495
  -0.10203
  -0.10108
  -0.10233
  -0.10612
  -0.11284
  -0.12304
  -0.13744
  -0.15697
  -0.18284
  -0.21668
  -0.26056
  -0.31724
  -0.39027
  -0.48418
  -0.60461
  -0.75820
  -0.95187
  -1.19040
  -1.47003
  -1.76197
  -1.97247
  -1.84964
  -0.79685
   2.29754
   8.22216
  13.62307
  11.70329
   5.20345
   0.53745
  -1.45478
  -1.97466
  -1.89629
  -1.62865
  -1.33469
  -1.07099
  -0.85173
  -0.67548
  -0.53599
  -0.42628
  -0.34011
  -0.27233
  -0.21883
  -0.17644
  -0.14269
  -0.11568
  -0.09395
  -0.07638
  -0.06210
  -0.05044
  -0.04087
  -0.03298
  -0.02644
  -0.02100
  -0.01645
  -0.01263
  -0.00942
  -0.00670
  -0.00439
  -0.00243
  -0.00075
   0.00000
   0.00000
   0.00000
   0.00000
   0.00000
   0.00000
   0.00000
   0.00000
   0.00000
   0.00000
   0.00000
   0.00000
   0.00000
   0.00000
   0.00000
   0.00000
   0.00000
   0.00000
   0.00000
   0.00000
   0.00000
   0.00000
   0.00000
   0.00000
   0.00000
   0.00000
   0.00000
   0.00000
   0.00000
   0.00000
   0.00000
   0.00000
  -0.00107
  -0.00243
  -0.00397
  -0.00572
  -0.00771
  -0.00999
  -0.01259
  -0.01558
  -0.01903
  -0.02300
  -0.02761
  -0.03295
  -0.03918
  -0.04646
  -0.05499
  -0.06504
  -0.07691
  -0.09097
  -0.10772
  -0.12774
  -0.15176
  -0.18070
  -0.21573
  -0.25895
  -0.31162
  -0.37602
  -0.45501
  -0.55215
  -0.67169
  -0.81849
  -0.99744
  -1.21190
  -1.45960
  -1.72275
  -1.94425
  -1.97275
  -1.44493
   0.40113
   4.65885
  10.93845
  13.86301
   9.48623
   3.40474
  -0.21553
  -1.66353
  -2.01481
  -1.92275
  -1.68624
  -1.42706
  -1.18981
  -0.98723
  -0.81969
  -0.68325
  -0.57294
  -0.48401
  -0.41238
  -0.35466
  -0.30813
  -0.27060
  -0.24033
  -0.21595
  -0.19636
  -0.18069
  -0.16825
  -0.15847
  -0.15092
  -0.14523
  -0.14111
  -0.13832
  -0.13668
  -0.13603
  -0.13624
  -0.13720
  -0.13884
  -0.14107
  -0.14384
  -0.14710
  -0.15081
  -0.15492
  -0.15940
  -0.16423
  -0.16976
  -0.17621
  -0.18281
  -0.18953
  -0.19636
  -0.20327
  -0.21023
  -0.21722
  -0.22420
  -0.23112
  -0.23794
  -0.24461
  -0.25108
  -0.25728
  -0.26317
  -0.26867
  -0.27372
  -0.27826
  -0.28223
  -0.28557
  -0.28822
  -0.29013
  -0.29126
  -0.29158
  -0.29104
  -0.28965
  -0.28739
  -0.28426
  -0.28029
  -0.27549
  -0.26992
  -0.26361
  -0.25663
  -0.24904
  -0.24090
  -0.23230
  -0.22331
  -0.21401
  -0.20449
  -0.19481
  -0.18507
  -0.17532
  -0.16563
  -0.15606
  -0.14667
  -0.13750
  -0.12860
  -0.11999
  -0.11170
  -0.10376
  -0.09617
  -0.08895
  -0.08210
  -0.07563
  -0.06952
  -0.06377
  -0.05838
  -0.05333
  -0.04862
  -0.04421
  -0.04011
  -0.03630
  -0.03276
  -0.02947
  -0.02643
  -0.02361
  -0.02100
  -0.01859
  -0.01636
  -0.01430
  -0.01240
  -0.01065
  -0.00903
  -0.00754
  -0.00617
  -0.00490
  -0.00373
  -0.00265
  -0.00166
  -0.00074
   0.00000
   0.00000
   0.00000
   0.00000
   0.00000
   0.00000
   0.00000
   0.00000
   0.00000
   0.00000
   0.00000
   0.00000
   0.00000
   0.00000
   0.00000
   0.00000
   0.00000
   0.00000
   0.00000
   0.00000
   0.00000
   0.00000
   0.00000
   0.00000
   0.00000
   0.00000
   0.00000
   0.00000
   0.00000
   0.00000
   0.00000
   0.00000
   0.00000
   0.00000
   0.00000
   0.00000
   0.00000
   0.00000
   0.00000
   0.00000
   0.00000
   0.00000
   0.00000
   0.00000
   0.00000
   0.00000
   0.00000
   0.00000
   0.00000
   0.00000
   0.00000
   0.00000
   0.00000
   0.00000
   0.00000
   0.00000
   0.00000
   0.00000
   0.00000
   0.00000
   0.00000
   0.00000
   0.00000
   0.00000
   0.00000
   0.00000
   0.00000
   0.00000
   0.00000
   0.00000
   0.00000
   0.00000
   0.00000
   0.00000
   0.00000
   0.00000
   0.00000
   0.00000
   0.00000
   0.00000
   0.00000
   0.00000
   0.00000
   0.00000
   0.00000
   0.00000
   0.00000
   0.00000
   0.00000
   0.00000
   0.00000
   0.00000
   0.00000
   0.00000
   0.00000
   0.00000
   0.00000
   0.00000
   0.00000
   0.00000
   0.00000
   0.00000
   0.00000
   0.00000
   0.00000
   0.00000
   0.00000
   0.00000
   0.00000
   0.00000
   0.00000
   0.00000
   0.00000
   0.00000
   0.00000
   0.00000
   0.00000
   0.00000
   0.00000
   0.00000
   0.00000
   0.00000
   0.00000
   0.00000
   0.00000
   0.00000
   0.00000
   0.00000
   0.00000
   0.00000
   0.00000
   0.00000
   0.00000
   0.00000
   0.00000
   0.00000
   0.00000
   0.00000
   0.00000
   0.00000
   0.00000
   0.00000
   0.00000
   0.00000
   0.00000
   0.00000
   0.00000
   0.00000
   0.00000
   0.00000
   0.00000
   0.00000
   0.00000
   0.00000
   0.00000
   0.00000
   0.00000
   0.00000
   0.00000
   0.00000
   0.00000
   0.00000
   0.00000
   0.00000
   0.00000
   0.00000
   0.00000
   0.00000
   0.00000
   0.00000
   0.00000
   0.00000
   0.00000
   0.00000
   0.00000
   0.00000
   0.00000
   0.00000
   0.00000
   0.00000
   0.00000
   0.00000
   0.00000
   0.00000
   0.00000
   0.00000
   0.00000
   0.00000
   0.00000
   0.00000
   0.00000
   0.00000
   0.00000
   0.00000
   0.00000
   0.00000
   0.00000
   0.00000
   0.00000
   0.00000
   0.00000
   0.00000
   0.00000
   0.00000
   0.00000
   0.00000
   0.00000
   0.00000
   0.00000
   0.00000
   0.00000
   0.00000
   0.00000
   0.00000
   0.00000
   0.00000
   0.00000
  -0.00007
  -0.00132
  -0.00274
  -0.00435
  -0.00620
  -0.00830
  -0.01071
  -0.01347
  -0.01664
  -0.02028
  -0.02448
  -0.02932
  -0.03491
  -0.04138
  -0.04885
  -0.05751
  -0.06753
  -0.07913
  -0.09255
  -0.10806
  -0.12594
  -0.14653
  -0.17014
  -0.19710
  -0.22774
  -0.26234
  -0.30110
  -0.34412
  -0.39135
  -0.44254
  -0.49718
  -0.55449
  -0.61340
  -0.67252
  -0.73023
  -0.78473
  -0.83413
  -0.87659
  -0.91045
  -0.93432
  -0.94719
  -0.94847
  -0.93805
  -0.91633
  -0.88413
  -0.84272
  -0.79370
  -0.73891
  -0.68029
  -0.61976
  -0.55908
  -0.49979
  -0.44311
  -0.38995
  -0.34091
  -0.29629
  -0.25621
  -0.22055
  -0.18912
  -0.16161
  -0.13767
  -0.11694
  -0.09906
  -0.08368
  -0.07048
  -0.05917
  -0.04948
  -0.04120
  -0.03411
  -0.02804
  -0.02284
  -0.01839
  -0.01457
  -0.01129
  -0.00846
  -0.00603
  -0.00393
  -0.00212
  -0.00055
   0.00000
   0.00000
   0.00000
   0.00000
   0.00000
   0.00000
   0.00000
   0.00000
   0.00000
   0.00000
   0.00000
   0.00000
   0.00000
   0.00000
   0.00000
   0.00000
   0.00000
   0.00000
   0.00000
   0.00000
   0.00000
   0.00000
   0.00000
   0.00000
   0.00000
   0.00000
   0.00000
   0.00000
   0.00000
   0.00000
   0.00000
   0.00000
   0.00000
   0.00000
   0.00000
   0.00000
   0.00000
   0.00000
   0.00000
   0.00000
   0.00000
   0.00000
   0.00000
   0.00000
   0.00000
   0.00000
   0.00000
   0.00000
   0.00000
   0.00000
   0.00000
   0.00000
   0.00000
   0.00000
   0.00000
   0.00000
   0.00000
   0.00000
   0.00000
   0.00000
   0.00000
   0.00000
   0.00000
   0.00000
   0.00000
   0.00000
   0.00000
   0.00000
   0.00000
   0.00000
   0.00000
   0.00000
   0.00000
   0.00000
   0.00000
   0.00000
   0.00000
   0.00000
   0.00000
   0.00000
   0.00000
   0.00000
   0.00000
   0.00000
   0.00000
   0.00000
   0.00000
   0.00000
   0.00000
   0.00000
   0.00000
   0.00000
   0.00000
   0.00000
   0.00000
   0.00000
   0.00000
   0.00000
   0.00000
   0.00000
   0.00000
   0.00000
   0.00000
   0.00000
   0.00000
   0.00000
   0.00000
   0.00000
   0.00000
   0.00000
   0.00000
   0.00000
   0.00000
   0.00000
   0.00000
   0.00000
   0.00000
   0.00000
   0.00000
   0.00000
   0.00000
   0.00000
   0.00000
   0.00000
   0.00000
   0.00000
   0.00000
   0.00000
   0.00000
   0.00000
   0.00000
   0.00000
   0.00000
   0.00000
   0.00000
   0.00000
   0.00000
   0.00000
   0.00000
   0.00000
   0.00000
   0.00000
   0.00000
   0.00000
   0.00000
   0.00000
   0.00000
   0.00000
   0.00000
   0.00000
   0.00000
   0.00000
   0.00000
   0.00000
   0.00000
   0.00000
   0.00000
   0.00000
   0.00000
   0.00000
   0.00000
   0.00000
   0.00000
   0.00000
   0.00000
   0.00000
   0.00000
   0.00000
   0.00000
   0.00000
   0.00000
   0.00000
   0.00000
   0.00000
   0.00000
   0.00000
   0.00000
   0.00000
   0.00000
   0.00000
   0.00000
   0.00000
   0.00000
   0.00000
   0.00000
   0.00000
   0.00000
   0.00000
   0.00000
   0.00000
   0.00000
   0.00000
   0.00000
   0.00000
   0.00000
   0.00000
   0.00000
   0.00000
   0.00000
   0.00000
   0.00000
   0.00000
   0.00000
   0.00000
   0.00000
   0.00000
   0.00000
   0.00000
   0.00000
   0.00000
   0.00000
   0.00000
   0.00000
   0.00000
   0.00000
   0.00000
   0.00000
   0.00000
   0.00000
   0.00000
   0.00000
   0.00000
   0.00000
   0.00000
   0.00000
   0.00000
   0.00000
   0.00000
   0.00000
   0.00000
   0.00000
   0.00000
   0.00000
   0.00000
   0.00000
   0.00000
   0.00000
   0.00000
   0.00000
   0.00000
   0.00000
   0.00000
   0.00000
   0.00000
   0.00000
   0.00000
   0.00000
   0.00000
   0.00000
   0.00000
   0.00000
   0.00000
   0.00000
   0.00000
   0.00000
   0.00000
   0.00000
   0.00000
   0.00000
   0.00000
   0.00000
   0.00000
   0.00000
   0.00000
   0.00000
   0.00000
   0.00000
   0.00000
   0.00000
   0.00000
   0.00000
   0.00000
   0.00000
   0.00000
   0.00000
   0.00000
   0.00000
   0.00000
   0.00000
   0.00000
   0.00000
   0.00000
   0.00000
   0.00000
   0.00000
   0.00000
   0.00000
   0.00000
   0.00000
   0.00000
   0.00000
   0.00000
   0.00000
   0.00000
   0.00000
   0.00000
   0.00000
   0.00000
   0.00000
   0.00000
   0.00000
   0.00000
   0.00000
   0.00000
   0.00000
   0.00000
   0.00000
   0.00000
   0.00000
   0.00000
   0.00000
   0.00000
   0.00000
   0.00000
   0.00000
   0.00000
   0.00000
   0.00000
   0.00000
   0.00000
   0.00000
   0.00000
   0.00000
   0.00000
   0.00000
   0.00000
   0.00000
   0.00000
   0.00000
   0.00000
   0.00000
   0.00000
   0.00000
   0.00000
   0.00000
   0.00000
   0.00000
   0.00000
   0.00000
   0.00000
   0.00000
   0.00000
   0.00000
   0.00000
   0.00000
   0.00000
   0.00000
   0.00000
   0.00000
   0.00000
   0.00000
   0.00000
   0.00000
  -0.00115
  -0.00251
  -0.00405
  -0.00580
  -0.00778
  -0.01005
  -0.01263
  -0.01559
  -0.01898
  -0.02288
  -0.02737
  -0.03257
  -0.03858
  -0.04557
  -0.05371
  -0.06321
  -0.07434
  -0.08740
  -0.10279
  -0.12097
  -0.14250
  -0.16807
  -0.19853
  -0.23489
  -0.27841
  -0.33060
  -0.39328
  -0.46861
  -0.55912
  -0.66768
  -0.79733
  -0.95089
  -1.13020
  -1.33429
  -1.55597
  -1.77505
  -1.94564
  -1.97400
  -1.68685
  -0.81201
   0.93047
   3.41798
   5.49514
   5.50464
   3.43764
   0.94734
  -0.80224
  -1.68280
  -1.97329
  -1.94656
  -1.77662
  -1.55769
  -1.33593
  -1.13167
  -0.95216
  -0.79841
  -0.66859
  -0.55988
  -0.46924
  -0.39380
  -0.33104
  -0.27878
  -0.23520
  -0.19878
  -0.16829
  -0.14268
  -0.12112
  -0.10292
  -0.08751
  -0.07443
  -0.06329
  -0.05377
  -0.04563
  -0.03863
  -0.03261
  -0.02741
  -0.02291
  -0.01901
  -0.01561
  -0.01265
  -0.01007
  -0.00780
  -0.00581
  -0.00406
  -0.00252
  -0.00116
   0.00000
   0.00000
   0.00000
   0.00000
   0.00000
   0.00000
   0.00000
   0.00000
   0.00000
   0.00000
   0.00000
   0.00000
   0.00000
   0.00000
   0.00000
   0.00000
   0.00000
   0.00000
   0.00000
   0.00000
   0.00000
   0.00000
   0.00000
   0.00000
  -0.00016
  -0.00140
  -0.00281
  -0.00440
  -0.00621
  -0.00828
  -0.01064
  -0.01334
  -0.01643
  -0.02000
  -0.02411
  -0.02887
  -0.03440
  -0.04082
  -0.04833
  -0.05711
  -0.06743
  -0.07960
  -0.09399
  -0.11107
  -0.13141
  -0.15572
  -0.18489
  -0.22000
  -0.26242
  -0.31383
  -0.37632
  -0.45243
  -0.54526
  -0.65844
  -0.79602
  -0.96202
  -1.15928
  -1.38667
  -1.63293
  -1.86291
  -1.98835
  -1.80979
  -0.92394
   1.31256
   5.28664
   9.38400
   9.69948
   5.85525
   1.71361
  -0.73523
  -1.74965
  -1.98856
  -1.88676
  -1.66339
  -1.41655
  -1.18592
  -0.98477
  -0.81503
  -0.67415
  -0.55819
  -0.46305
  -0.38505
  -0.32104
  -0.26838
  -0.22495
  -0.18901
  -0.15917
  -0.13430
  -0.11351
  -0.09606
  -0.08137
  -0.06894
  -0.05841
  -0.04945
  -0.04180
  -0.03524
  -0.02961
  -0.02476
  -0.02057
  -0.01739
  -0.01485
  -0.01274
  -0.01101
  -0.00960
  -0.00847
  -0.00759
  -0.00693
  -0.00646
  -0.00687
  -0.00770
  -0.00855
  -0.00941
  -0.01029
  -0.01118
  -0.01207
  -0.01297
  -0.01387
  -0.01477
  -0.01566
  -0.01653
  -0.01739
  -0.01823
  -0.01904
  -0.01982
  -0.02057
  -0.02127
  -0.02192
  -0.02252
  -0.02307
  -0.02355
  -0.02398
  -0.02433
  -0.02461
  -0.02482
  -0.02496
  -0.02502
  -0.02500
  -0.02491
  -0.02474
  -0.02450
  -0.02419
  -0.02380
  -0.02335
  -0.02284
  -0.02227
  -0.02165
  -0.02097
  -0.02025
  -0.01949
  -0.01870
  -0.01788
  -0.01703
  -0.01723
  -0.01767
  -0.01826
  -0.01901
  -0.01994
  -0.02106
  -0.02242
  -0.02401
  -0.02587
  -0.02802
  -0.03046
  -0.03323
  -0.03632
  -0.03976
  -0.04353
  -0.04764
  -0.05206
  -0.05678
  -0.06176
  -0.06695
  -0.07228
  -0.07806
  -0.08400
  -0.08979
  -0.09533
  -0.10051
  -0.10521
  -0.10932
  -0.11273
  -0.11536
  -0.11714
  -0.11800
  -0.11794
  -0.11695
  -0.11506
  -0.11233
  -0.10882
  -0.10463
  -0.09986
  -0.09463
  -0.08904
  -0.08323
  -0.07728
  -0.07130
  -0.06538
  -0.05959
  -0.05399
  -0.04862
  -0.04353
  -0.03873
  -0.03424
  -0.03007
  -0.02622
  -0.02267
  -0.01942
  -0.01646
  -0.01376
  -0.01131
  -0.00910
  -0.00710
  -0.00530
  -0.00367
  -0.00221
  -0.00090
   0.00000
  -0.00006
  -0.00051
  -0.00099
  -0.00149
  -0.00201
  -0.00256
  -0.00313
  -0.00372
  -0.00434
  -0.00499
  -0.00566
  -0.00637
  -0.00710
  -0.00787
  -0.00868
  -0.00952
  -0.01039
  -0.01130
  -0.01226
  -0.01325
  -0.01429
  -0.01537
  -0.01650
  -0.01767
  -0.01890
  -0.02018
  -0.02151
  -0.02290
  -0.02435
  -0.02585
  -0.02742
  -0.02905
  -0.03075
  -0.03252
  -0.03436
  -0.03627
  -0.03826
  -0.04033
  -0.04247
  -0.04470
  -0.04701
  -0.04941
  -0.05190
  -0.05448
  -0.05715
  -0.05992
  -0.06278
  -0.06575
  -0.06882
  -0.07199
  -0.07527
  -0.07865
  -0.08215
  -0.08576
  -0.08948
  -0.09331
  -0.09726
  -0.10133
  -0.10552
  -0.10983
  -0.11427
  -0.11882
  -0.12351
  -0.12832
  -0.13325
  -0.13832
  -0.14352
  -0.14885
  -0.15432
  -0.15992
  -0.16566
  -0.17154
  -0.17756
  -0.18373
  -0.19005
  -0.19652
  -0.20314
  -0.20992
  -0.21686
  -0.22397
  -0.23125
  -0.23871
  -0.24634
  -0.25417
  -0.26218
  -0.27040
  -0.27882
  -0.28745
  -0.29631
  -0.30538
  -0.31469
  -0.32423
  -0.33402
  -0.34406
  -0.35435
  -0.36490
  -0.37571
  -0.38677
  -0.39809
  -0.40966
  -0.42149
  -0.43354
  -0.44583
  -0.45831
  -0.47099
  -0.48382
  -0.49677
  -0.50982
  -0.52290
  -0.53599
  -0.54900
  -0.56189
  -0.57457
  -0.58697
  -0.59901
  -0.61058
  -0.62159
  -0.63195
  -0.64153
  -0.65023
  -0.65793
  -0.66454
  -0.66992
  -0.67399
  -0.67665
  -0.67780
  -0.67736
  -0.67528
  -0.67150
  -0.66600
  -0.65875
  -0.64978
  -0.63910
  -0.62677
  -0.61286
  -0.59746
  -0.58068
  -0.56266
  -0.54354
  -0.52347
  -0.50263
  -0.48117
  -0.45927
  -0.43711
  -0.41484
  -0.39264
  -0.37064
  -0.34898
  -0.32779
  -0.30718
  -0.28722
  -0.26801
  -0.24959
  -0.23201
  -0.21531
  -0.19949
  -0.18458
  -0.17055
  -0.15740
  -0.14510
  -0.13364
  -0.12297
  -0.11307
  -0.10390
  -0.09542
  -0.08758
  -0.08036
  -0.07370
  -0.06757
  -0.06194
  -0.05677
  -0.05202
  -0.04766
  -0.04366
  -0.04000
  -0.03663
  -0.03355
  -0.03072
  -0.02813
  -0.02576
  -0.02358
  -0.02158
  -0.01974
  -0.01805
  -0.01650
  -0.01611
  -0.01614
  -0.01646
  -0.01708
  -0.01802
  -0.01932
  -0.02101
  -0.02314
  -0.02578
  -0.02898
  -0.03283
  -0.03745
  -0.04295
  -0.05003
  -0.05838
  -0.06822
  -0.07985
  -0.09359
  -0.10990
  -0.12928
  -0.15240
  -0.18005
  -0.21324
  -0.25322
  -0.30179
  -0.36061
  -0.43200
  -0.51883
  -0.62453
  -0.75301
  -0.90840
  -1.09425
  -1.31160
  -1.55443
  -1.79970
  -1.98548
  -1.96574
  -1.42812
   0.19508
   3.54422
   8.07177
  10.33803
   7.71429
   3.18801
  -0.01410
  -1.52601
  -2.00864
  -2.00804
  -1.81888
  -1.57772
  -1.34196
  -1.13266
  -0.95495
  -0.80747
  -0.68656
  -0.58808
  -0.50813
  -0.44333
  -0.39085
  -0.34835
  -0.31393
  -0.28607
  -0.26352
  -0.24526
  -0.23050
  -0.21856
  -0.20890
  -0.20108
  -0.19529
  -0.19130
  -0.18836
  -0.18630
  -0.18495
  -0.18421
  -0.18398
  -0.18420
  -0.18483
  -0.18586
  -0.18729
  -0.18916
  -0.19152
  -0.19446
  -0.19809
  -0.20281
  -0.20934
  -0.21700
  -0.22608
  -0.23696
  -0.25005
  -0.26590
  -0.28514
  -0.30858
  -0.33720
  -0.37219
  -0.41505
  -0.46762
  -0.53216
  -0.61142
  -0.70873
  -0.82790
  -0.97309
  -1.14808
  -1.35455
  -1.58800
  -1.82822
  -2.01792
  -2.01595
  -1.50479
   0.13756
   3.73738
   8.98358
  11.94908
   9.03117
   3.78840
   0.17677
  -1.47202
  -1.98315
  -1.98142
  -1.78631
  -1.53998
  -1.30017
  -1.08728
  -0.90591
  -0.75441
  -0.62903
  -0.52563
  -0.44039
  -0.37000
  -0.31174
  -0.26334
  -0.22299
  -0.18922
  -0.16083
  -0.13689
  -0.11660
  -0.09935
  -0.08461
  -0.07199
  -0.06112
  -0.05175
  -0.04377
  -0.03732
  -0.03174
  -0.02689
  -0.02268
  -0.01900
  -0.01578
  -0.01295
  -0.01047
  -0.00828
  -0.00635
  -0.00464
  -0.00313
  -0.00178
  -0.00058
   0.00000
  -0.00003
  -0.00014
  -0.00026
  -0.00037
  -0.00048
  -0.00058
  -0.00068
  -0.00078
  -0.00087
  -0.00096
  -0.00104
  -0.00112
  -0.00119
  -0.00126
  -0.00133
  -0.00139
  -0.00145
  -0.00150
  -0.00154
  -0.00158
  -0.00162
  -0.00165
  -0.00167
  -0.00169
  -0.00170
  -0.00209
  -0.00250
  -0.00291
  -0.00334
  -0.00378
  -0.00423
  -0.00470
  -0.00518
  -0.00568
  -0.00619
  -0.00673
  -0.00728
  -0.00785
  -0.00844
  -0.00906
  -0.00970
  -0.01036
  -0.01105
  -0.01178
  -0.01253
  -0.01331
  -0.01413
  -0.01498
  -0.01588
  -0.01681
  -0.01778
  -0.01880
  -0.01987
  -0.02110
  -0.02240
  -0.02375
  -0.02516
  -0.02663
  -0.02818
  -0.02979
  -0.03147
  -0.03324
  -0.03508
  -0.03701
  -0.03903
  -0.04114
  -0.04336
  -0.04567
  -0.04809
  -0.05063
  -0.05329
  -0.05607
  -0.05899
  -0.06204
  -0.06524
  -0.06860
  -0.07211
  -0.07580
  -0.07966
  -0.08372
  -0.08797
  -0.09242
  -0.09710
  -0.10201
  -0.10715
  -0.11256
  -0.11823
  -0.12418
  -0.13043
  -0.13699
  -0.14388
  -0.15112
  -0.15873
  -0.16672
  -0.17512
  -0.18394
  -0.19322
  -0.20298
  -0.21323
  -0.22402
  -0.23537
  -0.24731
  -0.25988
  -0.27311
  -0.28704
  -0.30170
  -0.31715
  -0.33342
  -0.35057
  -0.36865
  -0.38772
  -0.40782
  -0.42903
  -0.45142
  -0.47505
  -0.50001
  -0.52637
  -0.55423
  -0.58367
  -0.61481
  -0.64774
  -0.68258
  -0.71945
  -0.75847
  -0.79977
  -0.84348
  -0.88975
  -0.93870
  -0.99046
  -1.04514
  -1.10285
  -1.16364
  -1.22752
  -1.29444
  -1.36423
  -1.43658
  -1.51100
  -1.58672
  -1.66261
  -1.73711
  -1.80806
  -1.87262
  -1.92715
  -1.96718
  -1.98756
  -1.98284
  -1.94815
  -1.88057
  -1.78110
  -1.65676
  -1.52190
  -1.39738
  -1.30667
  -1.26916
  -1.29340
  -1.37383
  -1.49293
  -1.62749
  -1.75562
  -1.86137
  -1.93620
  -1.97795
  -1.98886
  -1.97352
  -1.93733
  -1.88556
  -1.82286
  -1.75303
  -1.67911
  -1.60337
  -1.52750
  -1.45272
  -1.37987
  -1.30948
  -1.24192
  -1.17736
  -1.11590
  -1.05752
  -1.00218
  -0.94979
  -0.90023
  -0.85339
  -0.80913
  -0.76731
  -0.72780
  -0.69047
  -0.65520
  -0.62186
  -0.59034
  -0.56054
  -0.53234
  -0.50566
  -0.48040
  -0.45648
  -0.43383
  -0.41237
  -0.39203
  -0.37274
  -0.35445
  -0.33710
  -0.32064
  -0.30502
  -0.29018
  -0.27629
  -0.26328
  -0.25095
  -0.23927
  -0.22821
  -0.21772
  -0.20779
  -0.19839
  -0.18949
  -0.18107
  -0.17309
  -0.16556
  -0.15843
  -0.15169
  -0.14533
  -0.13933
  -0.13367
  -0.12834
  -0.12333
  -0.11861
  -0.11419
  -0.11004
  -0.10616
  -0.10254
  -0.09916
  -0.09603
  -0.09312
  -0.09045
  -0.08799
  -0.08574
  -0.08370
  -0.08186
  -0.08022
  -0.07878
  -0.07752
  -0.07645
  -0.07557
  -0.07487
  -0.07436
  -0.07402
  -0.07387
  -0.07390
  -0.07411
  -0.07451
  -0.07509
  -0.07586
  -0.07682
  -0.07797
  -0.07932
  -0.08088
  -0.08265
  -0.08463
  -0.08683
  -0.08926
  -0.09193
  -0.09485
  -0.09802
  -0.10146
  -0.10518
  -0.10919
  -0.11351
  -0.11815
  -0.12313
  -0.12846
  -0.13416
  -0.14027
  -0.14678
  -0.15374
  -0.16116
  -0.16908
  -0.17752
  -0.18652
  -0.19610
  -0.20631
  -0.21719
  -0.22877
  -0.24111
  -0.25425
  -0.26825
  -0.28316
  -0.29935
  -0.31664
  -0.33503
  -0.35459
  -0.37541
  -0.39757
  -0.42117
  -0.44631
  -0.47310
  -0.50166
  -0.53210
  -0.56457
  -0.59919
  -0.63613
  -0.67552
  -0.71754
  -0.76235
  -0.81012
  -0.86101
  -0.91519
  -0.97280
  -1.03397
  -1.09878
  -1.16727
  -1.23938
  -1.31492
  -1.39356
  -1.47471
  -1.55748
  -1.64056
  -1.72210
  -1.79957
  -1.86963
  -1.92803
  -1.96960
  -1.98851
  -1.97885
  -1.93581
  -1.85747
  -1.74715
  -1.61551
  -1.48125
  -1.36872
  -1.30190
  -1.29649
  -1.35388
  -1.46054
  -1.59331
  -1.72729
  -1.84240
  -1.92645
  -1.97492
  -1.98899
  -1.97313
  -1.93322
  -1.87523
  -1.80451
  -1.72555
  -1.64190
  -1.55629
  -1.47071
  -1.38662
  -1.30500
  -1.22651
  -1.15156
  -1.08038
  -1.01306
  -0.94960
  -0.88993
  -0.83394
  -0.78149
  -0.73242
  -0.68657
  -0.64375
  -0.60381
  -0.56657
  -0.53187
  -0.49956
  -0.46947
  -0.44148
  -0.41543
  -0.39122
  -0.36871
  -0.34779
  -0.32836
  -0.31031
  -0.29356
  -0.27802
  -0.26359
  -0.25022
  -0.23782
  -0.22634
  -0.21570
  -0.20586
  -0.19675
  -0.18834
  -0.18056
  -0.17339
  -0.16677
  -0.16068
  -0.15507
  -0.14992
  -0.14519
  -0.14086
  -0.13689
  -0.13328
  -0.12999
  -0.12700
  -0.12429
  -0.12184
  -0.11964
  -0.11767
  -0.11592
  -0.11436
  -0.11299
  -0.11180
  -0.11076
  -0.10987
  -0.10912
  -0.10850
  -0.10800
  -0.10760
  -0.10730
  -0.10709
  -0.10695
  -0.10689
  -0.10690
  -0.10696
  -0.10707
  -0.10722
  -0.10741
  -0.10762
  -0.10786
  -0.10811
  -0.10837
  -0.10864
  -0.10891
  -0.10917
  -0.10942
  -0.10966
  -0.10987
  -0.11007
  -0.11024
  -0.11038
  -0.11048
  -0.11055
  -0.11058
  -0.11057
  -0.11052
  -0.11042
  -0.11028
  -0.11009
  -0.10984
  -0.10955
  -0.10921
  -0.10882
  -0.10837
  -0.10787
  -0.10732
  -0.10672
  -0.10607
  -0.10537
  -0.10462
  -0.10382
  -0.10297
  -0.10208
  -0.10114
  -0.10015
  -0.09913
  -0.09806
  -0.09696
  -0.09582
  -0.09464
  -0.09343
  -0.09218
  -0.09091
  -0.08961
  -0.08828
  -0.08693
  -0.08556
  -0.08417
  -0.08276
  -0.08133
  -0.07989
  -0.07843
  -0.07697
  -0.07550
  -0.07402
  -0.07253
  -0.07105
  -0.06956
  -0.06807
  -0.06658
  -0.06509
  -0.06361
  -0.06214
  -0.06067
  -0.05921
  -0.05776
  -0.05632
  -0.05489
  -0.05347
  -0.05207
  -0.05068
  -0.04931
  -0.04795
  -0.04661
  -0.04529
  -0.04399
  -0.04270
  -0.04143
  -0.04018
  -0.03895
  -0.03774
  -0.03655
  -0.03539
  -0.03424
  -0.03311
  -0.03200
  -0.03092
  -0.02986
  -0.02881
  -0.02779
  -0.02679
  -0.02581
  -0.02485
  -0.02391
  -0.02300
  -0.02210
  -0.02122
  -0.02037
  -0.01953
  -0.01871
  -0.01791
  -0.01713
  -0.01637
  -0.01563
  -0.01491
  -0.01420
  -0.01352
  -0.01285
  -0.01219
  -0.01156
  -0.01094
  -0.01033
  -0.00974
  -0.00917
  -0.00861
  -0.00807
  -0.00754
  -0.00790
  -0.00865
  -0.00956
  -0.01067
  -0.01200
  -0.01358
  -0.01544
  -0.01763
  -0.02019
  -0.02319
  -0.02669
  -0.03079
  -0.03557
  -0.04115
  -0.04769
  -0.05535
  -0.06433
  -0.07490
  -0.08749
  -0.10250
  -0.12023
  -0.14124
  -0.16623
  -0.19606
  -0.23179
  -0.27475
  -0.32659
  -0.38934
  -0.46549
  -0.55807
  -0.67067
  -0.80730
  -0.97203
  -1.16783
  -1.39386
  -1.63914
  -1.86813
  -1.98887
  -1.78644
  -0.80783
   1.71029
   6.28426
  10.95820
  10.93687
   6.24737
   1.68558
  -0.81893
  -1.78982
  -1.98879
  -1.86675
  -1.63742
  -1.39220
  -1.16635
  -0.97077
  -0.80626
  -0.66981
  -0.55736
  -0.46491
  -0.38886
  -0.32620
  -0.27442
  -0.23152
  -0.19583
  -0.16604
  -0.14109
  -0.12010
  -0.10239
  -0.08739
  -0.07464
  -0.06377
  -0.05446
  -0.04648
  -0.03960
  -0.03367
  -0.02852
  -0.02406
  -0.02017
  -0.01677
  -0.01380
  -0.01119
  -0.00890
  -0.00688
  -0.00509
  -0.00351
  -0.00211
  -0.00086
   0.00000
   0.00000
   0.00000
   0.00000
   0.00000
   0.00000
   0.00000
   0.00000
   0.00000
   0.00000
   0.00000
   0.00000
   0.00000
   0.00000
   0.00000
   0.00000
   0.00000
   0.00000
   0.00000
   0.00000
   0.00000
   0.00000
   0.00000
   0.00000
   0.00000
   0.00000
   0.00000
   0.00000
   0.00000
   0.00000
   0.00000
   0.00000
   0.00000
   0.00000
   0.00000
   0.00000
   0.00000
   0.00000
   0.00000
   0.00000
   0.00000
   0.00000
   0.00000
   0.00000
   0.00000
   0.00000
   0.00000
   0.00000
   0.00000
   0.00000
   0.00000
   0.00000
   0.00000
   0.00000
   0.00000
   0.00000
   0.00000
   0.00000
   0.00000
   0.00000
   0.00000
   0.00000
   0.00000
   0.00000
   0.00000
   0.00000
   0.00000
   0.00000
   0.00000
   0.00000
   0.00000
   0.00000
   0.00000
   0.00000
   0.00000
   0.00000
   0.00000
   0.00000
   0.00000
   0.00000
   0.00000
   0.00000
   0.00000
   0.00000
   0.00000
   0.00000
   0.00000
   0.00000
   0.00000
   0.00000
   0.00000
   0.00000
   0.00000
   0.00000
   0.00000
   0.00000
   0.00000
   0.00000
   0.00000
   0.00000
   0.00000
   0.00000
   0.00000
   0.00000
   0.00000
   0.00000
   0.00000
   0.00000
   0.00000
   0.00000
   0.00000
   0.00000
   0.00000
   0.00000
   0.00000
   0.00000
   0.00000
   0.00000
   0.00000
   0.00000
   0.00000
   0.00000
   0.00000
   0.00000
   0.00000
   0.00000
   0.00000
   0.00000
   0.00000
   0.00000
   0.00000
   0.00000
   0.00000
   0.00000
   0.00000
   0.00000
   0.00000
   0.00000
   0.00000
   0.00000
   0.00000
   0.00000
   0.00000
   0.00000
   0.00000
   0.00000
   0.00000
   0.00000
   0.00000
   0.00000
   0.00000
   0.00000
   0.00000
   0.00000
   0.00000
   0.00000
   0.00000
   0.00000
   0.00000
   0.00000
   0.00000
   0.00000
   0.00000
   0.00000
   0.00000
   0.00000
   0.00000
   0.00000
   0.00000
   0.00000
   0.00000
   0.00000
   0.00000
   0.00000
   0.00000
   0.00000
   0.00000
   0.00000
   0.00000
   0.00000
   0.00000
   0.00000
   0.00000
   0.00000
   0.00000
   0.00000
   0.00000
   0.00000
   0.00000
   0.00000
   0.00000
   0.00000
   0.00000
   0.00000
   0.00000
   0.00000
   0.00000
   0.00000
   0.00000
   0.00000
   0.00000
   0.00000
   0.00000
   0.00000
   0.00000
   0.00000
   0.00000
   0.00000
   0.00000
   0.00000
   0.00000
   0.00000
   0.00000
   0.00000
   0.00000
   0.00000
   0.00000
   0.00000
   0.00000
   0.00000
   0.00000
   0.00000
   0.00000
   0.00000
   0.00000
   0.00000
   0.00000
   0.00000
   0.00000
   0.00000
   0.00000
   0.00000
   0.00000
   0.00000
   0.00000
   0.00000
   0.00000
   0.00000
   0.00000
   0.00000
   0.00000
   0.00000
   0.00000
   0.00000
   0.00000
   0.00000
   0.00000
   0.00000
   0.00000
   0.00000
   0.00000
   0.00000
   0.00000
   0.00000
   0.00000
   0.00000
   0.00000
   0.00000
   0.00000
   0.00000
   0.00000
   0.00000
   0.00000
   0.00000
   0.00000
   0.00000
   0.00000
   0.00000
   0.00000
  -0.00067
  -0.00162
  -0.00266
  -0.00380
  -0.00504
  -0.00642
  -0.00793
  -0.00959
  -0.01143
  -0.01346
  -0.01570
  -0.01819
  -0.02094
  -0.02400
  -0.02741
  -0.03119
  -0.03542
  -0.04014
  -0.04542
  -0.05134
  -0.05799
  -0.06545
  -0.07386
  -0.08334
  -0.09406
  -0.10618
  -0.11993
  -0.13555
  -0.15332
  -0.17357
  -0.19670
  -0.22315
  -0.25346
  -0.28825
  -0.32824
  -0.37427
  -0.42731
  -0.48847
  -0.55903
  -0.64040
  -0.73413
  -0.84179
  -0.96485
  -1.10436
  -1.26037
  -1.43086
  -1.60984
  -1.78395
  -1.92666
  -1.98903
  -1.88701
  -1.49130
  -0.64397
   0.73941
   2.42885
   3.68694
   3.68892
   2.43329
   0.74309
  -0.64242
  -1.49200
  -1.88959
  -1.99315
  -1.93208
  -1.79056
  -1.61762
  -1.43981
  -1.27054
  -1.11583
  -0.97769
  -0.85609
  -0.74998
  -0.65790
  -0.57827
  -0.50955
  -0.45033
  -0.39934
  -0.35546
  -0.31772
  -0.28529
  -0.25744
  -0.23354
  -0.21307
  -0.19556
  -0.18063
  -0.16793
  -0.15717
  -0.14809
  -0.14048
  -0.13414
  -0.12890
  -0.12461
  -0.12114
  -0.11837
  -0.11619
  -0.11450
  -0.11323
  -0.11228
  -0.11159
  -0.11109
  -0.11072
  -0.11043
  -0.11017
  -0.10988
  -0.10954
  -0.10910
  -0.10855
  -0.10784
  -0.10697
  -0.10591
  -0.10465
  -0.10318
  -0.10170
  -0.10062
  -0.09926
  -0.09764
  -0.09578
  -0.09370
  -0.09141
  -0.08893
  -0.08630
  -0.08352
  -0.08062
  -0.07762
  -0.07455
  -0.07142
  -0.06826
  -0.06508
  -0.06190
  -0.05874
  -0.05561
  -0.05253
  -0.04950
  -0.04654
  -0.04366
  -0.04086
  -0.03815
  -0.03553
  -0.03301
  -0.03059
  -0.02827
  -0.02605
  -0.02393
  -0.02191
  -0.01999
  -0.01817
  -0.01644
  -0.01480
  -0.01326
  -0.01179
  -0.01042
  -0.00911
  -0.00789
  -0.00674
  -0.00565
  -0.00463
  -0.00367
  -0.00278
  -0.00193
  -0.00114
  -0.00040
   0.00000
   0.00000
   0.00000
   0.00000
   0.00000
   0.00000
   0.00000
   0.00000
   0.00000
   0.00000
   0.00000
   0.00000
   0.00000
   0.00000
   0.00000
   0.00000
   0.00000
   0.00000
   0.00000
   0.00000
   0.00000
   0.00000
   0.00000
   0.00000
   0.00000
   0.00000
   0.00000
   0.00000
   0.00000
   0.00000
   0.00000
   0.00000
   0.00000
   0.00000
   0.00000
   0.00000
  -0.00154
  -0.00389
  -0.00676
  -0.01030
  -0.01468
  -0.02012
  -0.02694
  -0.03553
  -0.04644
  -0.06037
  -0.07829
  -0.10152
  -0.13185
  -0.17173
  -0.22452
  -0.29481
  -0.38881
  -0.51473
  -0.68285
  -0.90455
  -1.18813
  -1.52583
  -1.85753
  -1.97612
  -1.30741
   1.42937
   7.73682
  14.70806
  13.10646
   5.46184
   0.27976
  -1.65121
  -1.98648
  -1.76616
  -1.42039
  -1.09616
  -0.83153
  -0.62712
  -0.47289
  -0.35757
  -0.27147
  -0.20702
  -0.15854
  -0.12184
  -0.09388
  -0.07241
  -0.05580
  -0.04287
  -0.03273
  -0.02472
  -0.01835
  -0.01326
  -0.00916
  -0.00584
  -0.00313
  -0.00092
   0.00000
   0.00000
   0.00000
   0.00000
   0.00000
   0.00000
   0.00000
   0.00000
   0.00000
   0.00000
   0.00000
   0.00000
   0.00000
   0.00000
   0.00000
  -0.00089
  -0.00191
  -0.00302
  -0.00424
  -0.00558
  -0.00704
  -0.00864
  -0.01039
  -0.01230
  -0.01440
  -0.01669
  -0.01920
  -0.02195
  -0.02495
  -0.02823
  -0.03180
  -0.03571
  -0.03996
  -0.04458
  -0.04961
  -0.05507
  -0.06098
  -0.06737
  -0.07426
  -0.08167
  -0.08962
  -0.09813
  -0.10719
  -0.11682
  -0.12699
  -0.13770
  -0.14891
  -0.16059
  -0.17267
  -0.18509
  -0.19776
  -0.21058
  -0.22344
  -0.23621
  -0.24988
  -0.26406
  -0.27810
  -0.29194
  -0.30553
  -0.31887
  -0.33201
  -0.34506
  -0.35822
  -0.37183
  -0.38637
  -0.40251
  -0.42122
  -0.44386
  -0.47247
  -0.50911
  -0.55703
  -0.62056
  -0.70547
  -0.81926
  -0.97129
  -1.17198
  -1.42948
  -1.73913
  -2.05296
  -2.19600
  -1.65173
   0.87129
   7.47676
  16.66913
  16.77975
   7.61857
   0.92953
  -1.65014
  -2.22310
  -2.09792
  -1.80013
  -1.50870
  -1.27351
  -1.09939
  -0.97873
  -0.90161
  -0.85939
  -0.84475
  -0.85233
  -0.87818
  -0.91936
  -0.97368
  -1.03942
  -1.11514
  -1.19949
  -1.29104
  -1.38814
  -1.48878
  -1.59041
  -1.68983
  -1.78308
  -1.86545
  -1.93165
  -1.97619
  -1.99540
  -1.98538
  -1.94622
  -1.88347
  -1.80839
  -1.73681
  -1.68577
  -1.66846
  -1.68963
  -1.74378
  -1.81725
  -1.89293
  -1.95523
  -1.99333
  -2.00209
  -1.98125
  -1.93392
  -1.86493
  -1.77969
  -1.68334
  -1.58038
  -1.47452
  -1.36865
  -1.26495
  -1.16496
  -1.06976
  -0.98001
  -0.89609
  -0.81812
  -0.74609
  -0.67984
  -0.61915
  -0.56373
  -0.51327
  -0.46743
  -0.42588
  -0.38828
  -0.35431
  -0.32366
  -0.29603
  -0.27116
  -0.24878
  -0.22868
  -0.21062
  -0.19441
  -0.17987
  -0.16684
  -0.15517
  -0.14473
  -0.13539
  -0.12704
  -0.11959
  -0.11294
  -0.10702
  -0.10176
  -0.09708
  -0.09295
  -0.08929
  -0.08607
  -0.08325
  -0.08078
  -0.07864
  -0.07681
  -0.07524
  -0.07392
  -0.07284
  -0.07197
  -0.07130
  -0.07082
  -0.07051
  -0.07038
  -0.07042
  -0.07062
  -0.07098
  -0.07152
  -0.07223
  -0.07312
  -0.07422
  -0.07555
  -0.07714
  -0.07904
  -0.08130
  -0.08401
  -0.08728
  -0.09122
  -0.09604
  -0.10197
  -0.10933
  -0.11857
  -0.13027
  -0.14524
  -0.16462
  -0.18997
  -0.22350
  -0.26838
  -0.32911
  -0.41218
  -0.52685
  -0.68603
  -0.90657
  -1.20605
  -1.58639
  -1.96785
  -1.94176
   0.11312
   9.40075
  31.27521
  32.10000
  10.01151
   0.27953
  -1.91824
  -1.97555
  -1.59580
  -1.21086
  -0.90639
  -0.68176
  -0.51943
  -0.40239
  -0.31751
  -0.25536
  -0.20936
  -0.17488
  -0.14873
  -0.12865
  -0.11303
  -0.10074
  -0.09093
  -0.08302
  -0.07655
  -0.07119
  -0.06669
  -0.06287
  -0.05958
  -0.05671
  -0.05463
  -0.05378
  -0.05292
  -0.05205
  -0.05118
  -0.05029
  -0.04940
  -0.04851
  -0.04761
  -0.04671
  -0.04581
  -0.04490
  -0.04400
  -0.04309
  -0.04219
  -0.04129
  -0.04038
  -0.03949
  -0.03859
  -0.03770
  -0.03681
  -0.03593
  -0.03506
  -0.03419
  -0.03332
  -0.03247
  -0.03162
  -0.03078
  -0.02995
  -0.02912
  -0.02831
  -0.02750
  -0.02671
  -0.02592
  -0.02515
  -0.02438
  -0.02363
  -0.02288
  -0.02215
  -0.02143
  -0.02072
  -0.02002
  -0.01933
  -0.01865
  -0.01798
  -0.01733
  -0.01668
  -0.01605
  -0.01543
  -0.01482
  -0.01422
  -0.01363
  -0.01306
  -0.01249
  -0.01194
  -0.01140
  -0.01087
  -0.01035
  -0.00984
  -0.00934
  -0.00885
  -0.00837
  -0.00790
  -0.00744
  -0.00699
  -0.00656
  -0.00613
  -0.00571
  -0.00530
  -0.00490
  -0.00451
  -0.00413
  -0.00375
  -0.00339
  -0.00303
  -0.00269
  -0.00235
  -0.00202
  -0.00169
  -0.00138
  -0.00107
  -0.00077
  -0.00048
  -0.00019
   0.00000
   0.00000
   0.00000
   0.00000
   0.00000
   0.00000
   0.00000
   0.00000
   0.00000
   0.00000
   0.00000
   0.00000
   0.00000
   0.00000
   0.00000
   0.00000
   0.00000
   0.00000
   0.00000
   0.00000
   0.00000
   0.00000
   0.00000
   0.00000
   0.00000
   0.00000
   0.00000
   0.00000
  -0.00068
  -0.00240
  -0.00442
  -0.00680
  -0.00961
  -0.01294
  -0.01689
  -0.02160
  -0.02723
  -0.03398
  -0.04212
  -0.05195
  -0.06386
  -0.07835
  -0.09602
  -0.11765
  -0.14417
  -0.17678
  -0.21693
  -0.26643
  -0.32742
  -0.40249
  -0.49455
  -0.60682
  -0.74243
  -0.90387
  -1.09188
  -1.30345
  -1.52881
  -1.74689
  -1.91987
  -1.98888
  -1.87807
  -1.52075
  -0.92236
  -0.24123
   0.21402
   0.17762
  -0.32790
  -1.01481
  -1.58763
  -1.91151
  -1.99548
  -1.91022
  -1.73018
  -1.51137
  -1.28910
  -1.08263
  -0.90063
  -0.74544
  -0.61603
  -0.50977
  -0.42348
  -0.35399
  -0.29841
  -0.25420
  -0.21925
  -0.19178
  -0.17036
  -0.15379
  -0.14112
  -0.13156
  -0.12447
  -0.11930
  -0.11564
  -0.11310
  -0.11138
  -0.11022
  -0.10939
  -0.10872
  -0.10804
  -0.10723
  -0.10619
  -0.10485
  -0.10412
  -0.10325
  -0.10181
  -0.09981
  -0.09730
  -0.09433
  -0.09094
  -0.08721
  -0.08318
  -0.07894
  -0.07453
  -0.07003
  -0.06548
  -0.06094
  -0.05644
  -0.05204
  -0.04777
  -0.04364
  -0.03968
  -0.03591
  -0.03234
  -0.02897
  -0.02581
  -0.02285
  -0.02009
  -0.01753
  -0.01516
  -0.01296
  -0.01094
  -0.00908
  -0.00737
  -0.00580
  -0.00437
  -0.00305
  -0.00185
  -0.00075
   0.00000
   0.00000
   0.00000
   0.00000
   0.00000
   0.00000
   0.00000
   0.00000
   0.00000
   0.00000
   0.00000
   0.00000
   0.00000
   0.00000
   0.00000
   0.00000
   0.00000
   0.00000
   0.00000
   0.00000
   0.00000
   0.00000
   0.00000
   0.00000
   0.00000
   0.00000
   0.00000
   0.00000
   0.00000
   0.00000
   0.00000
   0.00000
   0.00000
   0.00000
   0.00000
   0.00000
   0.00000
   0.00000
   0.00000
   0.00000
   0.00000
   0.00000
   0.00000
   0.00000
   0.00000
   0.00000
   0.00000
   0.00000
   0.00000
   0.00000
   0.00000
   0.00000
   0.00000
   0.00000
   0.00000
   0.00000
   0.00000
   0.00000
   0.00000
   0.00000
   0.00000
   0.00000
   0.00000
   0.00000
   0.00000
   0.00000
   0.00000
   0.00000
   0.00000
   0.00000
   0.00000
   0.00000
   0.00000
